0.140039 10
0.180567 11
0.181529 13
0.18249 15
0.183451 17
0.184413 19
0.22109 21
0.222052 23
0.223013 25
0.223974 27
0.224935 29
0.225897 31
0.226858 33
0.227819 35
0.228781 37
0.261613 39
0.262574 41
0.263536 43
0.264497 45
0.265458 47
0.26642 49
0.267381 51
0.268342 53
0.269303 55
0.270265 57
0.271226 59
0.272187 61
0.273148 63
0.27411 65
0.275071 67
0.276032 69
0.276994 71
0.277955 73
0.302136 75
0.303097 77
0.304058 79
0.30502 81
0.305981 83
0.306942 85
0.307904 87
0.308865 89
0.309826 91
0.310787 93
0.311749 95
0.31271 97
0.313671 99
0.314633 101
0.315594 103
0.316555 105
0.317516 107
0.318478 109
0.319439 111
0.3204 113
0.321362 115
0.322323 117
0.323284 119
0.324245 121
0.325207 123
0.326168 125
0.327129 127
0.32809 129
0.329052 131
0.330013 133
0.330974 135
0.331936 137
0.332897 139
0.333858 141
0.334819 143
0.335781 145
0.342659 147
0.34362 149
0.344581 151
0.345543 153
0.346504 155
0.347465 157
0.348426 159
0.349388 161
0.350349 163
0.35131 165
0.352272 167
0.353233 169
0.354194 171
0.355155 173
0.356117 175
0.357078 177
0.358039 179
0.359001 181
0.359962 183
0.360923 185
0.361884 187
0.362846 189
0.363807 191
0.364768 193
0.365729 195
0.366691 197
0.367652 199
0.368613 201
0.369575 203
0.370536 205
0.371497 207
0.372458 209
0.37342 211
0.374381 213
0.375342 215
0.376304 217
0.377265 219
0.378226 221
0.379187 223
0.380149 225
0.38111 227
0.382071 229
0.391684 230
0.401297 231
0.41091 232
0.420522 233
0.430135 234
0.439748 235
0.449361 236
0.45225 234.416
0.452731 234.833
0.453214 233.249
0.453695 233.666
0.454175 232.082
0.454656 232.498
0.455137 229
0.455617 228
0.456098 225
0.456578 224
0.457059 221
0.45754 220.204
0.45802 217
0.458501 216
0.458982 213
0.459462 212
0.459943 209
0.460424 208
0.460904 205
0.461385 204
0.461866 201
0.462346 200
0.462827 197
0.463307 196
0.463788 193
0.464269 192
0.464749 189
0.46523 188
0.465711 185
0.466191 184
0.466672 181.74
0.467153 180
0.467633 177
0.468114 176
0.468594 173
0.469075 172
0.469556 169.446
0.470036 168
0.470517 165
1.54117 1
1.59762 2
1.67866 4
1.71967 6
1.72063 8
1.76067 10
1.76163 12
1.76259 14
1.76355 16
1.80167 18
1.80264 20
1.8036 22
1.80456 24
1.80552 26
1.80648 28
1.80744 30
1.8084 32
1.84268 34
1.84364 36
1.8446 38
1.84556 40
1.84652 42
1.84748 44
1.84844 46
1.84941 48
1.85037 50
1.85133 52
1.85229 54
1.85325 56
1.85421 58
1.85517 60
1.85614 62
1.8571 64
1.88368 66
1.88464 68
1.8856 70
1.88656 72
1.88753 74
1.88849 76
1.88945 78
1.89041 80
1.89137 82
1.89233 84
1.89329 86
1.89425 88
1.89522 90
1.89618 92
1.89714 94
1.8981 96
1.89906 98
1.90002 100
1.90098 102
1.90195 104
1.90291 106
1.90387 108
1.90483 110
1.90579 112
1.90675 114
1.90771 116
1.94487 117
1.97659 118
2.02946 119
2.08714 120
2.14482 121
2.20249 122
2.26113 123
2.32073 124
2.38033 125
2.43993 126
2.50818 127
2.58797 128
2.67256 129
2.761 130
2.8552 131
2.95614 132
3.06476 133
3.183 134
3.31373 135
3.45889 136
3.62519 137
3.82225 138
4.0693 139
4.42209 140
4.9085 141
5.03539 142
5.16324 143
5.29205 144
5.42182 145
5.55159 146
5.68329 147
5.81498 148
5.9486 149
6.08222 150
6.21776 151
6.3533 152
6.49076 153
6.62823 154
6.76665 155
6.90604 156
7.04638 157
7.18769 158
7.32996 159
7.47319 160
7.61738 161
7.76158 162
7.90769 163
8.05381 164
8.20184 165
8.34988 166
8.49984 167
8.6498 168
8.80168 169
8.95356 170
9.10641 171
9.26021 172
9.41498 173
9.57071 174
9.72739 175
9.88504 176
10.0437 177
10.2023 178
10.3628 179
10.4214 180
10.4599 181
10.4974 182
10.5349 183
10.5714 184
10.607 185
10.6425 186
10.6771 187
10.7117 188
10.7329 187.409
10.7334 187.818
10.7339 188.226
10.7343 188.635
10.7348 189.044
10.7353 189.452
10.7358 189.86
10.7363 188
10.7367 187
10.7372 186
10.7377 185
10.7382 184
10.7387 183
10.7391 182
10.7396 182.116
10.7401 181
10.7406 180
10.7411 179
10.7415 178
10.742 177
10.7425 176
10.743 175
10.7435 174.372
10.744 173
10.7444 172
10.7449 171
10.7454 170
10.7459 169
10.7464 168
10.7468 167
10.7473 166.628
10.7478 165
10.7483 164
10.7488 163
10.7492 162
10.7497 161
10.7502 160
10.7507 159
10.7512 158.883
10.7516 157
10.7521 156
10.7526 155
10.7531 154
10.7536 153
10.754 152
10.7545 151
10.755 150
10.7555 149
10.756 148
10.7564 147
10.7569 146
10.7574 145
10.7579 144
10.7584 143
10.7589 142
10.7593 141
10.7598 140
10.7603 139
10.7608 138
10.7613 137
10.7617 136
10.7622 135.242
10.7627 134
10.7632 133
10.7637 132
10.7641 131
10.8636 132
10.8641 132.405
10.8646 131.809
10.8651 132.214
10.8656 132.619
10.866 133.023
10.8665 133.427
10.867 133.832
10.8675 134.237
10.868 134.642
10.8684 135.046
10.8689 135.451
10.8694 134
10.8699 133
10.8704 132
10.8708 131
10.8713 130
10.8718 129
10.8723 128
10.8728 127
10.8732 126
10.8737 125
10.8742 124.265
10.8747 123
10.8752 122
10.8756 121
10.8761 120
10.8766 119
10.8771 118
10.8776 117
10.8781 116
10.8785 115
10.879 114
10.8795 113.077
10.88 112
10.8805 111
10.8809 110
10.8814 109
10.8819 108
10.8824 107
10.8829 106
10.8833 105
10.8838 104
10.8843 103
10.8848 102
10.8853 101
10.8857 100
10.8862 99
10.8867 98
10.8872 97
10.8877 96
10.8886 95
10.8896 94
10.8905 93
10.8915 92
10.9271 93
10.9458 94
11.0102 95
11.0775 96
11.1467 97
11.2198 98
11.2957 99
11.3755 100
11.4601 101
11.5485 102
11.6427 103
11.7437 104
11.8523 105
11.9705 106
12.1013 107
12.2464 108
12.4127 109
12.5944 110
12.6934 111
12.7934 112
12.8943 113
12.9953 114
13.0981 115
13.201 116
13.3058 117
13.4105 118
13.5172 119
13.6239 120
13.7326 121
13.8412 122
13.9508 123
14.0613 124
14.1728 125
14.2853 126
14.3987 127
14.5131 128
14.6285 129
14.7438 130
14.8611 131
14.9784 132
15.0976 133
15.2168 134
15.3379 135
15.459 136
15.5821 137
15.7051 138
15.8291 139
15.9541 140
16.08 141
16.2069 142
16.3348 143
16.4636 144
16.5933 145
16.7231 146
16.8548 147
16.9865 148
17.1201 149
17.2537 150
17.3893 151
17.5248 152
17.6623 153
17.7997 154
17.9382 155
18.0776 156
18.2179 157
18.3592 158
18.5015 159
18.6447 160
18.7889 161
18.9331 162
19.0792 163
19.2253 164
19.3734 165
19.5214 166
19.6714 167
19.7598 168
19.7906 169
19.8204 170
19.8511 171
19.88 172
19.9098 173
19.9386 174
19.9674 175
19.9963 176
20.0241 177
20.052 178
20.0799 179
20.1068 180
20.1337 181
20.1606 182
20.1876 183
20.2135 184
20.2395 185
20.2654 186
20.2904 187
20.3164 188
20.3414 189
20.3558 188.412
20.3563 188.824
20.3568 189.235
20.3572 189.647
20.3577 190.059
20.3582 190.471
20.3587 190.883
20.3592 189
20.3596 188
20.3601 187
20.3606 186
20.3611 185
20.3616 184
20.362 183
20.3625 183.222
20.363 182
20.3635 181
20.364 180
20.3644 179
20.3649 178
20.3654 177
20.3659 176
20.3664 175.563
20.3668 174
20.3673 173
20.3678 172
20.3683 171
20.3688 170
20.3692 169
20.3697 168
20.3702 167.903
20.3707 166
20.3712 165
20.3717 164
20.3721 163
20.3726 162
20.3731 161
20.3736 160
20.3741 159
20.3745 158
20.375 157
20.3755 156
20.376 155
20.3765 154
20.3769 153
20.3774 152.171
20.3779 151
20.3784 150
20.3789 149
20.3793 148
20.3798 147
20.3803 146
20.3808 144
20.3813 143.51
20.3817 142
20.3822 141
20.3827 140
20.3832 139
20.3837 138
20.3841 137
20.3846 136
20.3851 135.85
20.3856 134
20.3861 133
20.3866 132
20.4937 133
20.4942 133.41
20.4947 132.818
20.4952 133.228
20.4957 133.637
20.4961 134.046
20.4966 134.455
20.4971 134.864
20.4976 135.273
20.4981 135.682
20.4985 136.091
20.499 136.5
20.4995 135
20.5 134
20.5005 133
20.5009 132
20.5014 131
20.5019 130
20.5024 129
20.5029 128
20.5033 127
20.5038 126
20.5043 125.482
20.5048 124
20.5053 123
20.5058 122
20.5062 121
20.5067 120
20.5072 119
20.5077 118
20.5082 117
20.5086 116
20.5091 115
20.5096 114
20.5101 113
20.5106 112
20.511 111
20.512 110
20.513 109
20.5139 108
20.5149 107
20.5158 106
20.5168 105
20.5178 104
20.5187 103
20.5197 102
20.5206 101
20.5216 100
20.5226 99
20.5235 98
20.5245 97
20.5255 96
20.5264 95
20.5274 94
20.5283 93
20.5581 94
20.5591 95
20.6418 96
20.7081 97
20.7783 98
20.8513 99
20.9273 100
21.0071 101
21.0907 102
21.1801 103
21.2743 104
21.3752 105
21.4838 106
21.6021 107
21.7319 108
21.877 109
22.0433 110
22.2404 111
22.3452 112
22.4461 113
22.548 114
22.6499 115
22.7537 116
22.8575 117
22.9633 118
23.069 119
23.1767 120
23.2843 121
23.393 122
23.5025 123
23.6131 124
23.7246 125
23.8371 126
23.9505 127
24.0649 128
24.1802 129
24.2966 130
24.4129 131
24.5311 132
24.6493 133
24.7695 134
24.8897 135
25.0117 136
25.1338 137
25.2569 138
25.3809 139
25.5058 140
25.6318 141
25.7587 142
25.8865 143
26.0153 144
26.1451 145
26.2758 146
26.4066 147
26.5392 148
26.6719 149
26.8065 150
26.941 151
27.0775 152
27.214 153
27.3515 154
27.4899 155
27.6293 156
27.7697 157
27.911 158
28.0532 159
28.1965 160
28.3407 161
28.4858 162
28.631 163
28.778 164
28.9251 165
29.0741 166
29.2231 167
29.3596 168
29.3904 169
29.4211 170
29.4519 171
29.4817 172
29.5115 173
29.5413 174
29.5701 175
29.599 176
29.6269 177
29.6547 178
29.6826 179
29.7105 180
29.7374 181
29.7653 182
29.7912 183
29.8181 184
29.8441 185
29.8701 186
29.896 187
29.922 188
29.947 189
29.9604 188.412
29.9609 188.824
29.9614 189.235
29.9619 189.647
29.9623 190.059
29.9628 190.471
29.9633 190.883
29.9638 189
29.9643 188
29.9647 187
29.9652 186
29.9657 185
29.9662 184
29.9667 183
29.9671 183.222
29.9676 182
29.9681 181
29.9686 180
29.9691 179
29.9696 178
29.97 177
29.9705 176
29.971 175.563
29.9715 174
29.972 173
29.9724 172
29.9729 171
29.9734 170
29.9739 169
29.9744 168
29.9748 167.903
29.9753 166
29.9758 165
29.9763 164
29.9768 163
29.9772 162
29.9777 161
29.9782 160
29.9787 159
29.9792 158
29.9796 157
29.9801 156
29.9806 155
29.9811 154
29.9816 153
29.982 152.171
29.9825 151
29.983 150
29.9835 149
29.984 148
29.9845 147
29.9849 146
29.9854 145
29.9859 144.51
29.9864 142
29.9869 141
29.9873 140
29.9878 139
29.9883 138
29.9888 137
29.9893 136
29.9897 135.85
29.9902 134
29.9907 133
29.9912 132
30.0993 133
30.0998 133.41
30.1003 132.818
30.1008 133.228
30.1012 133.637
30.1017 134.046
30.1022 134.455
30.1027 134.864
30.1032 135.273
30.1037 135.682
30.1041 136.091
30.1046 136.5
30.1051 135
30.1056 134
30.1061 133
30.1065 132
30.107 131
30.1075 130
30.108 129
30.1085 128
30.1089 127
30.1094 126
30.1099 125.482
30.1104 124
30.1109 123
30.1113 122
30.1118 121
30.1123 120
30.1128 119
30.1133 118
30.1137 117
30.1142 116
30.1147 115
30.1152 114
30.1157 113.463
30.1166 112
30.1176 111
30.1185 110
30.1195 109
30.1205 108
30.1214 107
30.1224 106
30.1234 105
30.1243 104
30.1253 103
30.1262 102
30.1272 101
30.1282 100
30.1291 99
30.1301 98
30.131 97
30.132 96
30.133 95
30.1339 94
30.1349 93
30.1637 94
30.1647 95
30.2474 96
30.3137 97
30.3839 98
30.4569 99
30.5329 100
30.6126 101
30.6963 102
30.7857 103
30.8799 104
30.9808 105
31.0894 106
31.2077 107
31.3374 108
31.4826 109
31.6489 110
31.846 111
31.9507 112
32.0517 113
32.1536 114
32.2555 115
32.3593 116
32.4631 117
32.5688 118
32.6746 119
32.7823 120
32.8899 121
32.9985 122
33.1081 123
33.2187 124
33.3302 125
33.4427 126
33.5561 127
33.6705 128
33.7858 129
33.9021 130
34.0185 131
34.1367 132
34.2549 133
34.3751 134
34.4953 135
34.6173 136
34.7394 137
34.8625 138
34.9865 139
35.1114 140
35.2374 141
35.3643 142
35.4921 143
35.6209 144
35.7507 145
35.8814 146
36.0122 147
36.1448 148
36.2775 149
36.412 150
36.5466 151
36.6831 152
36.8196 153
36.9571 154
37.0955 155
37.2349 156
37.3752 157
37.5166 158
37.6588 159
37.8021 160
37.9462 161
38.0914 162
38.2366 163
38.3836 164
38.5307 165
38.6797 166
38.8287 167
38.9652 168
38.996 169
39.0267 170
39.0575 171
39.0873 172
39.1171 173
39.1469 174
39.1757 175
39.2046 176
39.2324 177
39.2603 178
39.2882 179
39.3161 180
39.343 181
39.3709 182
39.3968 183
39.4237 184
39.4497 185
39.4756 186
39.5016 187
39.5276 188
39.5525 189
39.566 188.412
39.5665 188.824
39.567 189.235
39.5675 189.647
39.5679 190.059
39.5684 190.471
39.5689 190.883
39.5694 189
39.5699 188
39.5703 187
39.5708 186
39.5713 185
39.5718 184
39.5723 183
39.5727 183.222
39.5732 182
39.5737 181
39.5742 180
39.5747 179
39.5751 178
39.5756 177
39.5761 176
39.5766 175.563
39.5771 174
39.5775 173
39.578 172
39.5785 171
39.579 170
39.5795 169
39.5799 168
39.5804 167.903
39.5809 166
39.5814 165
39.5819 164
39.5824 163
39.5828 162
39.5833 161
39.5838 160
39.5843 159
39.5848 158
39.5852 157
39.5857 156
39.5862 155
39.5867 154
39.5872 153
39.5876 152.171
39.5881 151
39.5886 150
39.5891 149
39.5896 148
39.59 147
39.5905 146
39.591 145
39.5915 144.51
39.592 142
39.5924 141
39.5929 140
39.5934 139
39.5939 138
39.5944 137
39.5948 136
39.5953 135.85
39.5958 134
39.5963 133
39.5968 132
39.7049 133
39.7054 133.41
39.7059 132.818
39.7064 133.228
39.7068 133.637
39.7073 134.046
39.7078 134.455
39.7083 134.864
39.7088 135.273
39.7092 135.682
39.7097 136.091
39.7102 136.5
39.7107 135
39.7112 134
39.7116 133
39.7121 132
39.7126 131
39.7131 130
39.7136 129
39.714 128
39.7145 127
39.715 126
39.7155 125.482
39.716 124
39.7165 123
39.7169 122
39.7174 121
39.7179 120
39.7184 119
39.7189 118
39.7193 117
39.7198 116
39.7203 115
39.7208 114
39.7213 113.463
39.7222 112
39.7232 111
39.7241 110
39.7251 109
39.7261 108
39.727 107
39.728 106
39.7289 105
39.7299 104
39.7309 103
39.7318 102
39.7328 101
39.7337 100
39.7347 99
39.7357 98
39.7366 97
39.7376 96
39.7386 95
39.7395 94
39.7405 93
39.7693 94
39.7876 95
39.8529 96
39.9193 97
39.9894 98
40.0625 99
40.1384 100
40.2182 101
40.3019 102
40.3913 103
40.4855 104
40.5864 105
40.695 106
40.8133 107
40.943 108
41.0882 109
41.2545 110
41.4516 111
41.5563 112
41.6573 113
41.7592 114
41.8611 115
41.9649 116
42.0687 117
42.1744 118
42.2802 119
42.3878 120
42.4955 121
42.6041 122
42.7137 123
42.8243 124
42.9358 125
43.0482 126
43.1617 127
43.2761 128
43.3914 129
43.5077 130
43.624 131
43.7423 132
43.8605 133
43.9807 134
44.1008 135
44.2229 136
44.345 137
44.4681 138
44.5921 139
44.717 140
44.843 141
44.9698 142
45.0977 143
45.2265 144
45.3563 145
45.487 146
45.6177 147
45.7504 148
45.8831 149
46.0176 150
46.1522 151
46.2887 152
46.4252 153
46.5627 154
46.7011 155
46.8405 156
46.9808 157
47.1221 158
47.2644 159
47.4076 160
47.5518 161
47.697 162
47.8421 163
47.9892 164
48.1363 165
48.2853 166
48.4343 167
48.5708 168
48.6016 169
48.6323 170
48.6631 171
48.6929 172
48.7227 173
48.7525 174
48.7813 175
48.8102 176
48.838 177
48.8659 178
48.8938 179
48.9217 180
48.9486 181
48.9765 182
49.0024 183
49.0293 184
49.0553 185
49.0812 186
49.1072 187
49.1331 188
49.1581 189
49.1716 188.412
49.1721 188.824
49.1726 189.235
49.173 189.647
49.1735 190.059
49.174 190.471
49.1745 190.883
49.175 189
49.1754 188
49.1759 187
49.1764 186
49.1769 185
49.1774 184
49.1778 183
49.1783 183.222
49.1788 182
49.1793 181
49.1798 180
49.1803 179
49.1807 178
49.1812 177
49.1817 176
49.1822 175.563
49.1827 174
49.1831 173
49.1836 172
49.1841 171
49.1846 170
49.1851 169
49.1855 168
49.186 167.903
49.1865 166
49.187 165
49.1875 164
49.1879 163
49.1884 162
49.1889 161
49.1894 160
49.1899 159
49.1903 158
49.1908 157
49.1913 156
49.1918 155
49.1923 154
49.1927 153
49.1932 152.171
49.1937 151
49.1942 150
49.1947 149
49.1952 148
49.1956 147
49.1961 146
49.1966 145
49.1971 144.51
49.1976 142
49.198 141
49.1985 140
49.199 139
49.1995 138
49.2 137
49.2004 136
49.2009 135.85
49.2014 134
49.2019 133
49.2024 132
49.3105 133
49.311 133.41
49.3115 132.818
49.3119 133.228
49.3124 133.637
49.3129 134.046
49.3134 134.455
49.3139 134.864
49.3144 135.273
49.3148 135.682
49.3153 136.091
49.3158 136.5
49.3163 135
49.3168 134
49.3172 133
49.3177 132
49.3182 131
49.3187 130
49.3192 129
49.3196 128
49.3201 127
49.3206 126
49.3211 125.482
49.3216 124
49.322 123
49.3225 122
49.323 121
49.3235 120
49.324 119
49.3244 118
49.3249 117
49.3254 116
49.3259 115
49.3264 114
49.3268 113.463
49.3278 112
49.3288 111
49.3297 110
49.3307 109
49.3316 108
49.3326 107
49.3336 106
49.3345 105
49.3355 104
49.3365 103
49.3374 102
49.3384 101
49.3393 100
49.3403 99
49.3413 98
49.3422 97
49.3432 96
49.3441 95
49.3451 94
49.3461 93
49.3749 94
49.3759 95
49.4585 96
49.5249 97
49.595 98
49.6681 99
49.744 100
49.8238 101
49.9075 102
49.9969 103
50.0911 104
50.192 105
50.3006 106
50.4189 107
50.5486 108
50.6938 109
50.8601 110
51.0571 111
51.1619 112
51.2629 113
51.3648 114
51.4667 115
51.5705 116
51.6743 117
51.78 118
51.8858 119
51.9934 120
52.1011 121
52.2097 122
52.3193 123
52.4299 124
52.5414 125
52.6538 126
52.7673 127
52.8817 128
52.997 129
53.1133 130
53.2296 131
53.3479 132
53.4661 133
53.5863 134
53.7064 135
53.8285 136
53.9506 137
54.0736 138
54.1976 139
54.3226 140
54.4485 141
54.5754 142
54.7033 143
54.8321 144
54.9619 145
55.0926 146
55.2233 147
55.356 148
55.4886 149
55.6232 150
55.7578 151
55.8943 152
56.0308 153
56.1683 154
56.3067 155
56.4461 156
56.5864 157
56.7277 158
56.87 159
57.0132 160
57.1574 161
57.3026 162
57.4477 163
57.5948 164
57.7419 165
57.8909 166
58.0399 167
58.1764 168
58.2071 169
58.2379 170
58.2687 171
58.2985 172
58.3283 173
58.3581 174
58.3869 175
58.4157 176
58.4436 177
58.4715 178
58.4994 179
58.5273 180
58.5542 181
58.582 182
58.608 183
58.6349 184
58.6609 185
58.6868 186
58.7128 187
58.7387 188
58.7637 189
58.7772 188.412
58.7777 188.824
58.7782 189.235
58.7786 189.647
58.7791 190.059
58.7796 190.471
58.7801 190.883
58.7806 189
58.781 188
58.7815 187
58.782 186
58.7825 185
58.783 184
58.7834 183
58.7839 183.222
58.7844 182
58.7849 181
58.7854 180
58.7858 179
58.7863 178
58.7868 177
58.7873 176
58.7878 175.563
58.7882 174
58.7887 173
58.7892 172
58.7897 171
58.7902 170
58.7906 169
58.7911 168
58.7916 167.903
58.7921 166
58.7926 165
58.7931 164
58.7935 163
58.794 162
58.7945 161
58.795 160
58.7955 159
58.7959 158
58.7964 157
58.7969 156
58.7974 155
58.7979 154
58.7983 153
58.7988 152.171
58.7993 151
58.7998 150
58.8003 149
58.8007 148
58.8012 147
58.8017 146
58.8022 145
58.8027 144.51
58.8031 142
58.8036 141
58.8041 140
58.8046 139
58.8051 138
58.8055 137
58.806 136
58.8065 135.85
58.807 134
58.8075 133
58.808 132
58.9161 133
58.9166 133.41
58.9171 132.818
58.9175 133.228
58.918 133.637
58.9185 134.046
58.919 134.455
58.9195 134.864
58.9199 135.273
58.9204 135.682
58.9209 136.091
58.9214 136.5
58.9219 135
58.9223 134
58.9228 133
58.9233 132
58.9238 131
58.9243 130
58.9247 129
58.9252 128
58.9257 127
58.9262 126
58.9267 125.482
58.9272 124
58.9276 123
58.9281 122
58.9286 121
58.9291 120
58.9296 119
58.93 118
58.9305 117
58.931 116
58.9315 115
58.932 114
58.9324 113.463
58.9334 112
58.9344 111
58.9353 110
58.9363 109
58.9372 108
58.9382 107
58.9392 106
58.9401 105
58.9411 104
58.942 103
58.943 102
58.944 101
58.9449 100
58.9459 99
58.9469 98
58.9478 97
58.9488 96
58.9497 95
58.9507 94
58.9517 93
58.9805 94
58.9815 95
59.0641 96
59.1305 97
59.2006 98
59.2737 99
59.3496 100
59.4294 101
59.513 102
59.6024 103
59.6967 104
59.7976 105
59.9062 106
60.0244 107
60.1542 108
60.2994 109
60.4657 110
60.6627 111
60.7675 112
60.8685 113
60.9703 114
61.0722 115
61.1761 116
61.2799 117
61.3856 118
61.4914 119
61.599 120
61.7067 121
61.8153 122
61.9249 123
62.0354 124
62.147 125
62.2594 126
62.3729 127
62.4872 128
62.6026 129
62.7189 130
62.8352 131
62.9535 132
63.0717 133
63.1919 134
63.312 135
63.4341 136
63.5562 137
63.6792 138
63.8032 139
63.9282 140
64.0541 141
64.181 142
64.3089 143
64.4377 144
64.5675 145
64.6982 146
64.8289 147
64.9616 148
65.0942 149
65.2288 150
65.3634 151
65.4999 152
65.6364 153
65.7739 154
65.9123 155
66.0517 156
66.192 157
66.3333 158
66.4756 159
66.6188 160
66.763 161
66.9082 162
67.0533 163
67.2004 164
67.3475 165
67.4965 166
67.6455 167
67.782 168
67.8127 169
67.8435 170
67.8743 171
67.9041 172
67.9339 173
67.9637 174
67.9925 175
68.0213 176
68.0492 177
68.0771 178
68.105 179
68.1328 180
68.1598 181
68.1876 182
68.2136 183
68.2405 184
68.2665 185
68.2924 186
68.3184 187
68.3443 188
68.3693 189
68.3828 188.412
68.3833 188.824
68.3837 189.235
68.3842 189.647
68.3847 190.059
68.3852 190.471
68.3857 190.883
68.3861 189
68.3866 188
68.3871 187
68.3876 186
68.3881 185
68.3885 184
68.389 183
68.3895 183.222
68.39 182
68.3905 181
68.391 180
68.3914 179
68.3919 178
68.3924 177
68.3929 176
68.3934 175.563
68.3938 174
68.3943 173
68.3948 172
68.3953 171
68.3958 170
68.3962 169
68.3967 168
68.3972 167.903
68.3977 166
68.3982 165
68.3986 164
68.3991 163
68.3996 162
68.4001 161
68.4006 160
68.401 159
68.4015 158
68.402 157
68.4025 156
68.403 155
68.4034 154
68.4039 153
68.4044 152.171
68.4049 151
68.4054 150
68.4059 149
68.4063 148
68.4068 147
68.4073 146
68.4078 145
68.4083 144.51
68.4087 142
68.4092 141
68.4097 140
68.4102 139
68.4107 138
68.4111 137
68.4116 136
68.4121 135.85
68.4126 134
68.4131 133
68.4135 132
68.5217 133
68.5222 133.41
68.5226 132.818
68.5231 133.228
68.5236 133.637
68.5241 134.046
68.5246 134.455
68.5251 134.864
68.5255 135.273
68.526 135.682
68.5265 136.091
68.527 136.5
68.5275 135
68.5279 134
68.5284 133
68.5289 132
68.5294 131
68.5299 130
68.5303 129
68.5308 128
68.5313 127
68.5318 126
68.5323 125.482
68.5327 124
68.5332 123
68.5337 122
68.5342 121
68.5347 120
68.5351 119
68.5356 118
68.5361 117
68.5366 116
68.5371 115
68.5375 114
68.538 113.463
68.539 112
68.5399 111
68.5409 110
68.5419 109
68.5428 108
68.5438 107
68.5448 106
68.5457 105
68.5467 104
68.5476 103
68.5486 102
68.5496 101
68.5505 100
68.5515 99
68.5524 98
68.5534 97
68.5544 96
68.5553 95
68.5563 94
68.5572 93
68.5861 94
68.6044 95
68.6697 96
68.736 97
68.8062 98
68.8793 99
68.9552 100
69.035 101
69.1186 102
69.208 103
69.3022 104
69.4032 105
69.5118 106
69.63 107
69.7598 108
69.905 109
70.0713 110
70.2683 111
70.3731 112
70.474 113
70.5759 114
70.6778 115
70.7817 116
70.8855 117
70.9912 118
71.097 119
71.2046 120
71.3123 121
71.4209 122
71.5305 123
71.641 124
71.7525 125
71.865 126
71.9784 127
72.0928 128
72.2082 129
72.3245 130
72.4408 131
72.5591 132
72.6773 133
72.7975 134
72.9176 135
73.0397 136
73.1618 137
73.2848 138
73.4088 139
73.5338 140
73.6597 141
73.7866 142
73.9145 143
74.0433 144
74.173 145
74.3038 146
74.4345 147
74.5672 148
74.6998 149
74.8344 150
74.969 151
75.1055 152
75.242 153
75.3795 154
75.5179 155
75.6573 156
75.7976 157
75.9389 158
76.0812 159
76.2244 160
76.3686 161
76.5138 162
76.6589 163
76.806 164
76.9531 165
77.1021 166
77.2511 167
77.3876 168
77.4183 169
77.4491 170
77.4799 171
77.5096 172
77.5394 173
77.5692 174
77.5981 175
77.6269 176
77.6548 177
77.6827 178
77.7106 179
77.7384 180
77.7654 181
77.7932 182
77.8192 183
77.8461 184
77.8721 185
77.898 186
77.924 187
77.9499 188
77.9749 189
77.9884 188.412
77.9889 188.824
77.9893 189.235
77.9898 189.647
77.9903 190.059
77.9908 190.471
77.9913 190.883
77.9917 189
77.9922 188
77.9927 187
77.9932 186
77.9937 185
77.9941 184
77.9946 183
77.9951 183.222
77.9956 182
77.9961 181
77.9965 180
77.997 179
77.9975 178
77.998 177
77.9985 176
77.9989 175.563
77.9994 174
77.9999 173
78.0004 172
78.0009 171
78.0013 170
78.0018 169
78.0023 168
78.0028 167.903
78.0033 166
78.0038 165
78.0042 164
78.0047 163
78.0052 162
78.0057 161
78.0062 160
78.0066 159
78.0071 158
78.0076 157
78.0081 156
78.0086 155
78.009 154
78.0095 153
78.01 152.171
78.0105 151
78.011 150
78.0114 149
78.0119 148
78.0124 147
78.0129 146
78.0134 145
78.0138 144.51
78.0143 142
78.0148 141
78.0153 140
78.0158 139
78.0162 138
78.0167 137
78.0172 136
78.0177 135.85
78.0182 134
78.0187 133
78.0191 132
78.1273 133
78.1278 133.41
78.1282 132.818
78.1287 133.228
78.1292 133.637
78.1297 134.046
78.1302 134.455
78.1306 134.864
78.1311 135.273
78.1316 135.682
78.1321 136.091
78.1326 136.5
78.133 135
78.1335 134
78.134 133
78.1345 132
78.135 131
78.1354 130
78.1359 129
78.1364 128
78.1369 127
78.1374 126
78.1379 125.482
78.1383 124
78.1388 123
78.1393 122
78.1398 121
78.1403 120
78.1407 119
78.1412 118
78.1417 117
78.1422 116
78.1427 115
78.1431 114
78.1436 113.463
78.1446 112
78.1455 111
78.1465 110
78.1475 109
78.1484 108
78.1494 107
78.1503 106
78.1513 105
78.1523 104
78.1532 103
78.1542 102
78.1551 101
78.1561 100
78.1571 99
78.158 98
78.159 97
78.16 96
78.1609 95
78.1619 94
78.1628 93
78.1917 94
78.1926 95
78.2753 96
78.3416 97
78.4118 98
78.4849 99
78.5608 100
78.6406 101
78.7242 102
78.8136 103
78.9078 104
79.0088 105
79.1174 106
79.2356 107
79.3654 108
79.5106 109
79.6769 110
79.8739 111
79.9787 112
80.0796 113
80.1815 114
80.2834 115
80.3872 116
80.4911 117
80.5968 118
80.7025 119
80.8102 120
80.9179 121
81.0265 122
81.1361 123
81.2466 124
81.3581 125
81.4706 126
81.584 127
81.6984 128
81.8138 129
81.9301 130
82.0464 131
82.1646 132
82.2829 133
82.403 134
82.5232 135
82.6453 136
82.7674 137
82.8904 138
83.0144 139
83.1394 140
83.2653 141
83.3922 142
83.5201 143
83.6489 144
83.7786 145
83.9094 146
84.0401 147
84.1728 148
84.3054 149
84.44 150
84.5746 151
84.7111 152
84.8476 153
84.985 154
85.1235 155
85.2629 156
85.4032 157
85.5445 158
85.6868 159
85.83 160
85.9742 161
86.1194 162
86.2645 163
86.4116 164
86.5587 165
86.7077 166
86.8567 167
86.9932 168
87.0239 169
87.0547 170
87.0854 171
87.1152 172
87.145 173
87.1748 174
87.2037 175
87.2325 176
87.2604 177
87.2883 178
87.3161 179
87.344 180
87.3709 181
87.3988 182
87.4248 183
87.4517 184
87.4776 185
87.5036 186
87.5296 187
87.5555 188
87.5805 189
87.594 188.412
87.5944 188.824
87.5949 189.235
87.5954 189.647
87.5959 190.059
87.5964 190.471
87.5968 190.883
87.5973 189
87.5978 188
87.5983 187
87.5988 186
87.5992 185
87.5997 184
87.6002 183
87.6007 183.222
87.6012 182
87.6017 181
87.6021 180
87.6026 179
87.6031 178
87.6036 177
87.6041 176
87.6045 175.563
87.605 174
87.6055 173
87.606 172
87.6065 171
87.6069 170
87.6074 169
87.6079 168
87.6084 167.903
87.6089 166
87.6093 165
87.6098 164
87.6103 163
87.6108 162
87.6113 161
87.6117 160
87.6122 159
87.6127 158
87.6132 157
87.6137 156
87.6141 155
87.6146 154
87.6151 153
87.6156 152.171
87.6161 151
87.6166 150
87.617 149
87.6175 148
87.618 147
87.6185 146
87.619 145
87.6194 144.51
87.6199 142
87.6204 141
87.6209 140
87.6214 139
87.6218 138
87.6223 137
87.6228 136
87.6233 135.85
87.6238 134
87.6242 133
87.6247 132
87.7329 133
87.7333 133.41
87.7338 132.818
87.7343 133.228
87.7348 133.637
87.7353 134.046
87.7358 134.455
87.7362 134.864
87.7367 135.273
87.7372 135.682
87.7377 136.091
87.7382 136.5
87.7386 135
87.7391 134
87.7396 133
87.7401 132
87.7406 131
87.741 130
87.7415 129
87.742 128
87.7425 127
87.743 126
87.7434 125.482
87.7439 124
87.7444 123
87.7449 122
87.7454 121
87.7458 120
87.7463 119
87.7468 118
87.7473 117
87.7478 116
87.7482 115
87.7487 114
87.7492 113.463
87.7502 112
87.7511 111
87.7521 110
87.753 109
87.754 108
87.755 107
87.7559 106
87.7569 105
87.7579 104
87.7588 103
87.7598 102
87.7607 101
87.7617 100
87.7627 99
87.7636 98
87.7646 97
87.7655 96
87.7665 95
87.7675 94
87.7684 93
87.7973 94
87.8155 95
87.8809 96
87.9472 97
88.0174 98
88.0905 99
88.1664 100
88.2462 101
88.3298 102
88.4192 103
88.5134 104
88.6144 105
88.723 106
88.8412 107
88.971 108
89.1161 109
89.2824 110
89.467 111
89.5843 112
89.6852 113
89.7871 114
89.889 115
89.9928 116
90.0967 117
90.2024 118
90.3081 119
90.4158 120
90.5235 121
90.6321 122
90.7417 123
90.8522 124
90.9637 125
91.0762 126
91.1896 127
91.304 128
91.4194 129
91.5357 130
91.652 131
91.7702 132
91.8885 133
92.0086 134
92.1288 135
92.2509 136
92.373 137
92.496 138
92.62 139
92.745 140
92.8709 141
92.9978 142
93.1256 143
93.2545 144
93.3842 145
93.515 146
93.6457 147
93.7784 148
93.911 149
94.0456 150
94.1802 151
94.3167 152
94.4532 153
94.5906 154
94.7291 155
94.8684 156
95.0088 157
95.1501 158
95.2924 159
95.4356 160
95.5798 161
95.7249 162
95.8701 163
96.0172 164
96.1642 165
96.3132 166
96.4622 167
96.5987 168
96.6295 169
96.6603 170
96.691 171
96.7208 172
96.7506 173
96.7804 174
96.8093 175
96.8381 176
96.866 177
96.8939 178
96.9217 179
96.9496 180
96.9765 181
97.0044 182
97.0304 183
97.0573 184
97.0832 185
97.1092 186
97.1351 187
97.1611 188
97.1861 189
97.1996 188.412
97.2 188.824
97.2005 189.235
97.201 189.647
97.2015 190.059
97.202 190.471
97.2024 190.883
97.2029 189
97.2034 188
97.2039 187
97.2044 186
97.2048 185
97.2053 184
97.2058 183
97.2063 183.222
97.2068 182
97.2072 181
97.2077 180
97.2082 179
97.2087 178
97.2092 177
97.2096 176
97.2101 175.563
97.2106 174
97.2111 173
97.2116 172
97.212 171
97.2125 170
97.213 169
97.2135 168
97.214 167.903
97.2145 166
97.2149 165
97.2154 164
97.2159 163
97.2164 162
97.2169 161
97.2173 160
97.2178 159
97.2183 158
97.2188 157
97.2193 156
97.2197 155
97.2202 154
97.2207 153
97.2212 152.171
97.2217 151
97.2221 150
97.2226 149
97.2231 148
97.2236 147
97.2241 146
97.2245 145
97.225 144.51
97.2255 142
97.226 141
97.2265 140
97.227 139
97.2274 138
97.2279 137
97.2284 136
97.2289 135.85
97.2294 134
97.2298 133
97.2303 132
97.3385 133
97.3389 133.41
97.3394 132.818
97.3399 133.228
97.3404 133.637
97.3409 134.046
97.3413 134.455
97.3418 134.864
97.3423 135.273
97.3428 135.682
97.3433 136.091
97.3437 136.5
97.3442 135
97.3447 134
97.3452 133
97.3457 132
97.3461 131
97.3466 130
97.3471 129
97.3476 128
97.3481 127
97.3486 126
97.349 125.482
97.3495 124
97.35 123
97.3505 122
97.351 121
97.3514 120
97.3519 119
97.3524 118
97.3529 117
97.3534 116
97.3538 115
97.3543 114
97.3548 113.463
97.3558 112
97.3567 111
97.3577 110
97.3586 109
97.3596 108
97.3606 107
97.3615 106
97.3625 105
97.3634 104
97.3644 103
97.3654 102
97.3663 101
97.3673 100
97.3683 99
97.3692 98
97.3702 97
97.3711 96
97.3721 95
97.3731 94
97.374 93
97.4029 94
97.4211 95
97.4865 96
97.5528 97
97.623 98
97.696 99
97.772 100
97.8518 101
97.9354 102
98.0248 103
98.119 104
98.2199 105
98.3286 106
98.4468 107
98.5766 108
98.7217 109
98.888 110
99.0851 111
99.1899 112
99.2908 113
99.3927 114
99.4946 115
99.5984 116
99.7022 117
99.808 118
99.9137 119
100.021 120
100.129 121
100.238 122
100.347 123
100.458 124
100.569 125
100.682 126
100.795 127
100.91 128
101.025 129
101.141 130
101.258 131
101.376 132
101.494 133
101.614 134
101.734 135
101.856 136
101.979 137
102.102 138
102.226 139
102.351 140
102.476 141
102.603 142
102.731 143
102.86 144
102.99 145
103.121 146
103.251 147
103.384 148
103.517 149
103.651 150
103.786 151
103.922 152
104.059 153
104.196 154
104.335 155
104.474 156
104.614 157
104.756 158
104.898 159
105.041 160
105.185 161
105.331 162
105.476 163
105.623 164
105.77 165
105.919 166
106.068 167
106.204 168
106.235 169
106.266 170
106.297 171
106.326 172
106.356 173
106.386 174
106.415 175
106.444 176
106.472 177
106.499 178
106.527 179
106.555 180
106.582 181
106.61 182
106.636 183
106.663 184
106.689 185
106.715 186
106.741 187
106.767 188
106.792 189
106.805 188.412
106.806 188.824
106.806 189.235
106.807 189.647
106.807 190.059
106.808 190.471
106.808 190.883
106.809 189
106.809 188
106.809 187
106.81 186
106.81 185
106.811 184
106.811 183
106.812 183.222
106.812 182
106.813 181
106.813 180
106.814 179
106.814 178
106.815 177
106.815 176
106.816 175.563
106.816 174
106.817 173
106.817 172
106.818 171
106.818 170
106.819 169
106.819 168
106.82 167.903
106.82 166
106.821 165
106.821 164
106.821 163
106.822 162
106.822 161
106.823 160
106.823 159
106.824 158
106.824 157
106.825 156
106.825 155
106.826 154
106.826 153
106.827 152.171
106.827 151
106.828 150
106.828 149
106.829 148
106.829 147
106.83 146
106.83 145
106.831 144.51
106.831 142
106.832 141
106.832 140
106.833 139
106.833 138
106.834 137
106.834 136
106.834 135.85
106.835 134
106.835 133
106.836 132
106.944 133
106.945 133.41
106.945 132.818
106.945 133.228
106.946 133.637
106.946 134.046
106.947 134.455
106.947 134.864
106.948 135.273
106.948 135.682
106.949 136.091
106.949 136.5
106.95 135
106.95 134
106.951 133
106.951 132
106.952 131
106.952 130
106.953 129
106.953 128
106.954 127
106.954 126
106.955 125.482
106.955 124
106.956 123
106.956 122
106.957 121
106.957 120
106.958 119
106.958 118
106.958 117
106.959 116
106.959 115
106.96 114
106.96 113.463
106.961 112
106.962 111
106.963 110
106.964 109
106.965 108
106.966 107
106.967 106
106.968 105
106.969 104
106.97 103
106.971 102
106.972 101
106.973 100
106.974 99
106.975 98
106.976 97
106.977 96
106.978 95
106.979 94
106.98 93
107.008 94
107.009 95
107.092 96
107.158 97
107.229 98
107.302 99
107.378 100
107.457 101
107.541 102
107.63 103
107.725 104
107.826 105
107.934 106
108.052 107
108.182 108
108.327 109
108.494 110
108.691 111
108.795 112
108.896 113
108.998 114
109.1 115
109.204 116
109.308 117
109.414 118
109.519 119
109.627 120
109.735 121
109.843 122
109.953 123
110.063 124
110.175 125
110.287 126
110.401 127
110.515 128
110.631 129
110.747 130
110.863 131
110.981 132
111.1 133
111.22 134
111.34 135
111.462 136
111.584 137
111.707 138
111.831 139
111.956 140
112.082 141
112.209 142
112.337 143
112.466 144
112.595 145
112.726 146
112.857 147
112.99 148
113.122 149
113.257 150
113.391 151
113.528 152
113.664 153
113.802 154
113.94 155
114.08 156
114.22 157
114.361 158
114.504 159
114.647 160
114.791 161
114.936 162
115.081 163
115.228 164
115.375 165
115.524 166
115.673 167
115.81 168
115.841 169
115.871 170
115.902 171
115.932 172
115.962 173
115.992 174
116.02 175
116.049 176
116.077 177
116.105 178
116.133 179
116.161 180
116.188 181
116.216 182
116.242 183
116.268 184
116.294 185
116.32 186
116.346 187
116.372 188
116.397 189
116.411 188.412
116.411 188.824
116.412 189.235
116.412 189.647
116.413 190.059
116.413 190.471
116.414 190.883
116.414 189
116.415 188
116.415 187
116.416 186
116.416 185
116.416 184
116.417 183
116.417 183.222
116.418 182
116.418 181
116.419 180
116.419 179
116.42 178
116.42 177
116.421 176
116.421 175.563
116.422 174
116.422 173
116.423 172
116.423 171
116.424 170
116.424 169
116.425 168
116.425 167.903
116.426 166
116.426 165
116.427 164
116.427 163
116.428 162
116.428 161
116.429 160
116.429 159
116.429 158
116.43 157
116.43 156
116.431 155
116.431 154
116.432 153
116.432 152.171
116.433 151
116.433 150
116.434 149
116.434 148
116.435 147
116.435 146
116.436 145
116.436 144.51
116.437 142
116.437 141
116.438 140
116.438 139
116.439 138
116.439 137
116.44 136
116.44 135.85
116.441 134
116.441 133
116.441 132
116.55 133
116.55 133.41
116.551 132.818
116.551 133.228
116.552 133.637
116.552 134.046
116.553 134.455
116.553 134.864
116.553 135.273
116.554 135.682
116.554 136.091
116.555 136.5
116.555 135
116.556 134
116.556 133
116.557 132
116.557 131
116.558 130
116.558 129
116.559 128
116.559 127
116.56 126
116.56 125.482
116.561 124
116.561 123
116.562 122
116.562 121
116.563 120
116.563 119
116.564 118
116.564 117
116.565 116
116.565 115
116.565 114
116.566 113.463
116.567 112
116.568 111
116.569 110
116.57 109
116.571 108
116.572 107
116.573 106
116.574 105
116.575 104
116.576 103
116.577 102
116.578 101
116.578 100
116.579 99
116.58 98
116.581 97
116.582 96
116.583 95
116.584 94
116.585 93
116.614 94
116.632 95
116.698 96
116.764 97
116.834 98
116.907 99
116.983 100
117.063 101
117.147 102
117.236 103
117.33 104
117.431 105
117.54 106
117.658 107
117.788 108
117.933 109
118.099 110
118.296 111
118.401 112
118.502 113
118.604 114
118.706 115
118.81 116
118.913 117
119.019 118
119.125 119
119.233 120
119.34 121
119.449 122
119.558 123
119.669 124
119.78 125
119.893 126
120.006 127
120.121 128
120.236 129
120.352 130
120.469 131
120.587 132
120.705 133
120.825 134
120.946 135
121.068 136
121.19 137
121.313 138
121.437 139
121.562 140
121.688 141
121.815 142
121.942 143
122.071 144
122.201 145
122.332 146
122.462 147
122.595 148
122.728 149
122.862 150
122.997 151
123.133 152
123.27 153
123.407 154
123.546 155
123.685 156
123.826 157
123.967 158
124.109 159
124.252 160
124.397 161
124.542 162
124.687 163
124.834 164
124.981 165
125.13 166
125.279 167
125.416 168
125.446 169
125.477 170
125.508 171
125.538 172
125.567 173
125.597 174
125.626 175
125.655 176
125.683 177
125.711 178
125.739 179
125.766 180
125.793 181
125.821 182
125.847 183
125.874 184
125.9 185
125.926 186
125.952 187
125.978 188
126.003 189
126.016 188.412
126.017 188.824
126.017 189.235
126.018 189.647
126.018 190.059
126.019 190.471
126.019 190.883
126.02 189
126.02 188
126.021 187
126.021 186
126.022 185
126.022 184
126.023 183
126.023 183.222
126.024 182
126.024 181
126.024 180
126.025 179
126.025 178
126.026 177
126.026 176
126.027 175.563
126.027 174
126.028 173
126.028 172
126.029 171
126.029 170
126.03 169
126.03 168
126.031 167.903
126.031 166
126.032 165
126.032 164
126.033 163
126.033 162
126.034 161
126.034 160
126.035 159
126.035 158
126.036 157
126.036 156
126.037 155
126.037 154
126.037 153
126.038 152.171
126.038 151
126.039 150
126.039 149
126.04 148
126.04 147
126.041 146
126.041 145
126.042 144.51
126.042 142
126.043 141
126.043 140
126.044 139
126.044 138
126.045 137
126.045 136
126.046 135.85
126.046 134
126.047 133
126.047 132
126.155 133
126.156 133.41
126.156 132.818
126.157 133.228
126.157 133.637
126.158 134.046
126.158 134.455
126.159 134.864
126.159 135.273
126.16 135.682
126.16 136.091
126.161 136.5
126.161 135
126.161 134
126.162 133
126.162 132
126.163 131
126.163 130
126.164 129
126.164 128
126.165 127
126.165 126
126.166 125.482
126.166 124
126.167 123
126.167 122
126.168 121
126.168 120
126.169 119
126.169 118
126.17 117
126.17 116
126.171 115
126.171 114
126.172 113.463
126.173 112
126.173 111
126.174 110
126.175 109
126.176 108
126.177 107
126.178 106
126.179 105
126.18 104
126.181 103
126.182 102
126.183 101
126.184 100
126.185 99
126.186 98
126.187 97
126.188 96
126.189 95
126.19 94
126.191 93
126.22 94
126.221 95
126.303 96
126.37 97
126.44 98
126.513 99
126.589 100
126.669 101
126.752 102
126.842 103
126.936 104
127.037 105
127.145 106
127.264 107
127.393 108
127.539 109
127.705 110
127.902 111
128.007 112
128.108 113
128.209 114
128.311 115
128.415 116
128.519 117
128.625 118
128.73 119
128.838 120
128.946 121
129.054 122
129.164 123
129.275 124
129.386 125
129.499 126
129.612 127
129.726 128
129.842 129
129.958 130
130.074 131
130.193 132
130.311 133
130.431 134
130.551 135
130.673 136
130.795 137
130.918 138
131.042 139
131.167 140
131.293 141
131.42 142
131.548 143
131.677 144
131.807 145
131.937 146
132.068 147
132.201 148
132.333 149
132.468 150
132.603 151
132.739 152
132.876 153
133.013 154
133.151 155
133.291 156
133.431 157
133.572 158
133.715 159
133.858 160
134.002 161
134.147 162
134.292 163
134.44 164
134.587 165
134.736 166
134.885 167
135.021 168
135.052 169
135.083 170
135.113 171
135.143 172
135.173 173
135.203 174
135.232 175
135.26 176
135.288 177
135.316 178
135.344 179
135.372 180
135.399 181
135.427 182
135.453 183
135.48 184
135.506 185
135.532 186
135.558 187
135.583 188
135.608 189
135.622 188.412
135.622 188.824
135.623 189.235
135.623 189.647
135.624 190.059
135.624 190.471
135.625 190.883
135.625 189
135.626 188
135.626 187
135.627 186
135.627 185
135.628 184
135.628 183
135.629 183.222
135.629 182
135.63 181
135.63 180
135.631 179
135.631 178
135.632 177
135.632 176
135.632 175.563
135.633 174
135.633 173
135.634 172
135.634 171
135.635 170
135.635 169
135.636 168
135.636 167.903
135.637 166
135.637 165
135.638 164
135.638 163
135.639 162
135.639 161
135.64 160
135.64 159
135.641 158
135.641 157
135.642 156
135.642 155
135.643 154
135.643 153
135.644 152.171
135.644 151
135.645 150
135.645 149
135.645 148
135.646 147
135.646 146
135.647 145
135.647 144.51
135.648 142
135.648 141
135.649 140
135.649 139
135.65 138
135.65 137
135.651 136
135.651 135.85
135.652 134
135.652 133
135.653 132
135.761 133
135.761 133.41
135.762 132.818
135.762 133.228
135.763 133.637
135.763 134.046
135.764 134.455
135.764 134.864
135.765 135.273
135.765 135.682
135.766 136.091
135.766 136.5
135.767 135
135.767 134
135.768 133
135.768 132
135.769 131
135.769 130
135.769 129
135.77 128
135.77 127
135.771 126
135.771 125.482
135.772 124
135.772 123
135.773 122
135.773 121
135.774 120
135.774 119
135.775 118
135.775 117
135.776 116
135.776 115
135.777 114
135.777 113.463
135.778 112
135.779 111
135.78 110
135.781 109
135.782 108
135.783 107
135.784 106
135.785 105
135.786 104
135.787 103
135.788 102
135.789 101
135.79 100
135.791 99
135.792 98
135.793 97
135.793 96
135.794 95
135.795 94
135.796 93
135.825 94
135.826 95
135.909 96
135.975 97
136.045 98
136.118 99
136.194 100
136.274 101
136.358 102
136.447 103
136.541 104
136.642 105
136.751 106
136.869 107
136.999 108
137.144 109
137.31 110
137.507 111
137.612 112
137.713 113
137.815 114
137.917 115
138.021 116
138.125 117
138.23 118
138.336 119
138.444 120
138.551 121
138.66 122
138.77 123
138.88 124
138.992 125
139.104 126
139.218 127
139.332 128
139.447 129
139.564 130
139.68 131
139.798 132
139.916 133
140.037 134
140.157 135
140.279 136
140.401 137
140.524 138
140.648 139
140.773 140
140.899 141
141.026 142
141.154 143
141.282 144
141.412 145
141.543 146
141.674 147
141.806 148
141.939 149
142.074 150
142.208 151
142.345 152
142.481 153
142.619 154
142.757 155
142.896 156
143.037 157
143.178 158
143.32 159
143.464 160
143.608 161
143.753 162
143.898 163
144.045 164
144.192 165
144.341 166
144.49 167
144.627 168
144.657 169
144.688 170
144.719 171
144.749 172
144.779 173
144.808 174
144.837 175
144.866 176
144.894 177
144.922 178
144.95 179
144.978 180
145.004 181
145.032 182
145.058 183
145.085 184
145.111 185
145.137 186
145.163 187
145.189 188
145.214 189
145.228 188.412
145.228 188.824
145.228 189.235
145.229 189.647
145.229 190.059
145.23 190.471
145.23 190.883
145.231 189
145.231 188
145.232 187
145.232 186
145.233 185
145.233 184
145.234 183
145.234 183.222
145.235 182
145.235 181
145.236 180
145.236 179
145.237 178
145.237 177
145.238 176
145.238 175.563
145.239 174
145.239 173
145.24 172
145.24 171
145.24 170
145.241 169
145.241 168
145.242 167.903
145.242 166
145.243 165
145.243 164
145.244 163
145.244 162
145.245 161
145.245 160
145.246 159
145.246 158
145.247 157
145.247 156
145.248 155
145.248 154
145.249 153
145.249 152.171
145.25 151
145.25 150
145.251 149
145.251 148
145.252 147
145.252 146
145.252 145
145.253 144.51
145.253 142
145.254 141
145.254 140
145.255 139
145.255 138
145.256 137
145.256 136
145.257 135.85
145.257 134
145.258 133
145.258 132
145.366 133
145.367 133.41
145.367 132.818
145.368 133.228
145.368 133.637
145.369 134.046
145.369 134.455
145.37 134.864
145.37 135.273
145.371 135.682
145.371 136.091
145.372 136.5
145.372 135
145.373 134
145.373 133
145.374 132
145.374 131
145.375 130
145.375 129
145.376 128
145.376 127
145.377 126
145.377 125.482
145.377 124
145.378 123
145.378 122
145.379 121
145.379 120
145.38 119
145.38 118
145.381 117
145.381 116
145.382 115
145.382 114
145.383 113.463
145.384 112
145.385 111
145.386 110
145.387 109
145.388 108
145.389 107
145.389 106
145.39 105
145.391 104
145.392 103
145.393 102
145.394 101
145.395 100
145.396 99
145.397 98
145.398 97
145.399 96
145.4 95
145.401 94
145.402 93
145.431 94
145.449 95
145.514 96
145.581 97
145.651 98
145.724 99
145.8 100
145.88 101
145.963 102
146.053 103
146.147 104
146.248 105
146.357 106
146.475 107
146.605 108
146.75 109
146.916 110
147.113 111
147.218 112
147.319 113
147.421 114
147.523 115
147.626 116
147.73 117
147.836 118
147.942 119
148.049 120
148.157 121
148.266 122
148.375 123
148.486 124
148.597 125
148.71 126
148.823 127
148.938 128
149.053 129
149.169 130
149.286 131
149.404 132
149.522 133
149.642 134
149.762 135
149.884 136
150.007 137
150.13 138
150.254 139
150.379 140
150.504 141
150.631 142
150.759 143
150.888 144
151.018 145
151.149 146
151.279 147
151.412 148
151.545 149
151.679 150
151.814 151
151.95 152
152.087 153
152.224 154
152.363 155
152.502 156
152.642 157
152.784 158
152.926 159
153.069 160
153.213 161
153.358 162
153.504 163
153.651 164
153.798 165
153.947 166
154.096 167
154.232 168
154.263 169
154.294 170
154.325 171
154.354 172
154.384 173
154.414 174
154.443 175
154.472 176
154.5 177
154.527 178
154.555 179
154.583 180
154.61 181
154.638 182
154.664 183
154.691 184
154.717 185
154.743 186
154.769 187
154.795 188
154.82 189
154.833 188.412
154.834 188.824
154.834 189.235
154.835 189.647
154.835 190.059
154.835 190.471
154.836 190.883
154.836 189
154.837 188
154.837 187
154.838 186
154.838 185
154.839 184
154.839 183
154.84 183.222
154.84 182
154.841 181
154.841 180
154.842 179
154.842 178
154.843 177
154.843 176
154.844 175.563
154.844 174
154.845 173
154.845 172
154.846 171
154.846 170
154.847 169
154.847 168
154.848 167.903
154.848 166
154.848 165
154.849 164
154.849 163
154.85 162
154.85 161
154.851 160
154.851 159
154.852 158
154.852 157
154.853 156
154.853 155
154.854 154
154.854 153
154.855 152.171
154.855 151
154.856 150
154.856 149
154.857 148
154.857 147
154.858 146
154.858 145
154.859 144.51
154.859 142
154.86 141
154.86 140
154.86 139
154.861 138
154.861 137
154.862 136
154.862 135.85
154.863 134
154.863 133
154.864 132
154.972 133
154.972 133.41
154.973 132.818
154.973 133.228
154.974 133.637
154.974 134.046
154.975 134.455
154.975 134.864
154.976 135.273
154.976 135.682
154.977 136.091
154.977 136.5
154.978 135
154.978 134
154.979 133
154.979 132
154.98 131
154.98 130
154.981 129
154.981 128
154.982 127
154.982 126
154.983 125.482
154.983 124
154.984 123
154.984 122
154.984 121
154.985 120
154.985 119
154.986 118
154.986 117
154.987 116
154.987 115
154.988 114
154.988 113.463
154.989 112
154.99 111
154.991 110
154.992 109
154.993 108
154.994 107
154.995 106
154.996 105
154.997 104
154.998 103
154.999 102
155 101
155.001 100
155.002 99
155.003 98
155.004 97
155.005 96
155.006 95
155.007 94
155.008 93
155.036 94
155.037 95
155.12 96
155.186 97
155.257 98
155.33 99
155.406 100
155.485 101
155.569 102
155.658 103
155.753 104
155.853 105
155.962 106
156.08 107
156.21 108
156.355 109
156.522 110
156.719 111
156.823 112
156.924 113
157.026 114
157.128 115
157.232 116
157.336 117
157.442 118
157.547 119
157.655 120
157.763 121
157.871 122
157.981 123
158.091 124
158.203 125
158.315 126
158.429 127
158.543 128
158.659 129
158.775 130
158.891 131
159.009 132
159.128 133
159.248 134
159.368 135
159.49 136
159.612 137
159.735 138
159.859 139
159.984 140
160.11 141
160.237 142
160.365 143
160.494 144
160.623 145
160.754 146
160.885 147
161.017 148
161.15 149
161.285 150
161.419 151
161.556 152
161.692 153
161.83 154
161.968 155
162.108 156
162.248 157
162.389 158
162.532 159
162.675 160
162.819 161
162.964 162
163.109 163
163.256 164
163.403 165
163.552 166
163.701 167
163.838 168
163.869 169
163.899 170
163.93 171
163.96 172
163.99 173
164.02 174
164.048 175
164.077 176
164.105 177
164.133 178
164.161 179
164.189 180
164.216 181
164.244 182
164.269 183
164.296 184
164.322 185
164.348 186
164.374 187
164.4 188
164.425 189
164.439 188.412
164.439 188.824
164.44 189.235
164.44 189.647
164.441 190.059
164.441 190.471
164.442 190.883
164.442 189
164.443 188
164.443 187
164.443 186
164.444 185
164.444 184
164.445 183
164.445 183.222
164.446 182
164.446 181
164.447 180
164.447 179
164.448 178
164.448 177
164.449 176
164.449 175.563
164.45 174
164.45 173
164.451 172
164.451 171
164.452 170
164.452 169
164.453 168
164.453 167.903
164.454 166
164.454 165
164.455 164
164.455 163
164.456 162
164.456 161
164.456 160
164.457 159
164.457 158
164.458 157
164.458 156
164.459 155
164.459 154
164.46 153
164.46 152.171
164.461 151
164.461 150
164.462 149
164.462 148
164.463 147
164.463 146
164.464 145
164.464 144.51
164.465 142
164.465 141
164.466 140
164.466 139
164.467 138
164.467 137
164.468 136
164.468 135.85
164.468 134
164.469 133
164.469 132
164.578 133
164.578 133.41
164.579 132.818
164.579 133.228
164.58 133.637
164.58 134.046
164.58 134.455
164.581 134.864
164.581 135.273
164.582 135.682
164.582 136.091
164.583 136.5
164.583 135
164.584 134
164.584 133
164.585 132
164.585 131
164.586 130
164.586 129
164.587 128
164.587 127
164.588 126
164.588 125.482
164.589 124
164.589 123
164.59 122
164.59 121
164.591 120
164.591 119
164.592 118
164.592 117
164.592 116
164.593 115
164.593 114
164.594 113.463
164.595 112
164.596 111
164.597 110
164.598 109
164.599 108
164.6 107
164.601 106
164.602 105
164.603 104
164.604 103
164.605 102
164.605 101
164.606 100
164.607 99
164.608 98
164.609 97
164.61 96
164.611 95
164.612 94
164.613 93
164.642 94
164.66 95
164.726 96
164.792 97
164.862 98
164.935 99
165.011 100
165.091 101
165.175 102
165.264 103
165.358 104
165.459 105
165.568 106
165.686 107
165.816 108
165.961 109
166.127 110
166.232 111
166.429 112
166.53 113
166.632 114
166.734 115
166.838 116
166.941 117
167.047 118
167.153 119
167.261 120
167.368 121
167.477 122
167.586 123
167.697 124
167.808 125
167.921 126
168.034 127
168.149 128
168.264 129
168.38 130
168.497 131
168.615 132
168.733 133
168.853 134
168.974 135
169.096 136
169.218 137
169.341 138
169.465 139
169.59 140
169.716 141
169.843 142
169.97 143
170.099 144
170.229 145
170.36 146
170.49 147
170.623 148
170.756 149
170.89 150
171.025 151
171.161 152
171.298 153
171.435 154
171.574 155
171.713 156
171.854 157
171.995 158
172.137 159
172.28 160
172.425 161
172.57 162
172.715 163
172.862 164
173.009 165
173.158 166
173.307 167
173.443 168
173.474 169
173.505 170
173.536 171
173.566 172
173.595 173
173.625 174
173.654 175
173.683 176
173.711 177
173.739 178
173.766 179
173.794 180
173.821 181
173.849 182
173.875 183
173.902 184
173.928 185
173.954 186
173.98 187
174.006 188
174.031 189
174.044 188.412
174.045 188.824
174.045 189.235
174.046 189.647
174.046 190.059
174.047 190.471
174.047 190.883
174.048 189
174.048 188
174.049 187
174.049 186
174.05 185
174.05 184
174.051 183
174.051 183.222
174.051 182
174.052 181
174.052 180
174.053 179
174.053 178
174.054 177
174.054 176
174.055 175.563
174.055 174
174.056 173
174.056 172
174.057 171
174.057 170
174.058 169
174.058 168
174.059 167.903
174.059 166
174.06 165
174.06 164
174.061 163
174.061 162
174.062 161
174.062 160
174.063 159
174.063 158
174.063 157
174.064 156
174.064 155
174.065 154
174.065 153
174.066 152.171
174.066 151
174.067 150
174.067 149
174.068 148
174.068 147
174.069 146
174.069 145
174.07 144.51
174.07 142
174.071 141
174.071 140
174.072 139
174.072 138
174.073 137
174.073 136
174.074 135.85
174.074 134
174.075 133
174.075 132
174.183 133
174.184 133.41
174.184 132.818
174.185 133.228
174.185 133.637
174.186 134.046
174.186 134.455
174.187 134.864
174.187 135.273
174.188 135.682
174.188 136.091
174.188 136.5
174.189 135
174.189 134
174.19 133
174.19 132
174.191 131
174.191 130
174.192 129
174.192 128
174.193 127
174.193 126
174.194 125.482
174.194 124
174.195 123
174.195 122
174.196 121
174.196 120
174.197 119
174.197 118
174.198 117
174.198 116
174.199 115
174.199 114
174.2 113.463
174.2 112
174.201 111
174.202 110
174.203 109
174.204 108
174.205 107
174.206 106
174.207 105
174.208 104
174.209 103
174.21 102
174.211 101
174.212 100
174.213 99
174.214 98
174.215 97
174.216 96
174.217 95
174.218 94
174.219 93
174.248 94
174.266 95
174.331 96
174.398 97
174.468 98
174.541 99
174.617 100
174.696 101
174.78 102
174.87 103
174.964 104
175.065 105
175.173 106
175.292 107
175.421 108
175.566 109
175.733 110
175.93 111
176.035 112
176.136 113
176.237 114
176.339 115
176.443 116
176.547 117
176.653 118
176.758 119
176.866 120
176.974 121
177.082 122
177.192 123
177.303 124
177.414 125
177.527 126
177.64 127
177.754 128
177.87 129
177.986 130
178.102 131
178.221 132
178.339 133
178.459 134
178.579 135
178.701 136
178.823 137
178.946 138
179.07 139
179.195 140
179.321 141
179.448 142
179.576 143
179.705 144
179.835 145
179.965 146
180.096 147
180.229 148
180.361 149
180.496 150
180.63 151
180.767 152
180.903 153
181.041 154
181.179 155
181.319 156
181.459 157
181.6 158
181.743 159
181.886 160
182.03 161
182.175 162
182.32 163
182.467 164
182.615 165
182.764 166
182.913 167
183.049 168
183.08 169
183.111 170
183.141 171
183.171 172
183.201 173
183.231 174
183.26 175
183.288 176
183.316 177
183.344 178
183.372 179
183.4 180
183.427 181
183.455 182
183.481 183
183.508 184
183.534 185
183.56 186
183.585 187
183.611 188
183.636 189
183.65 188.412
183.65 188.824
183.651 189.235
183.651 189.647
183.652 190.059
183.652 190.471
183.653 190.883
183.653 189
183.654 188
183.654 187
183.655 186
183.655 185
183.656 184
183.656 183
183.657 183.222
183.657 182
183.658 181
183.658 180
183.659 179
183.659 178
183.659 177
183.66 176
183.66 175.563
183.661 174
183.661 173
183.662 172
183.662 171
183.663 170
183.663 169
183.664 168
183.664 167.903
183.665 166
183.665 165
183.666 164
183.666 163
183.667 162
183.667 161
183.668 160
183.668 159
183.669 158
183.669 157
183.67 156
183.67 155
183.671 154
183.671 153
183.671 152.171
183.672 151
183.672 150
183.673 149
183.673 148
183.674 147
183.674 146
183.675 145
183.675 144.51
183.676 142
183.676 141
183.677 140
183.677 139
183.678 138
183.678 137
183.679 136
183.679 135.85
183.68 134
183.68 133
183.681 132
183.789 133
183.789 133.41
183.79 132.818
183.79 133.228
183.791 133.637
183.791 134.046
183.792 134.455
183.792 134.864
183.793 135.273
183.793 135.682
183.794 136.091
183.794 136.5
183.795 135
183.795 134
183.796 133
183.796 132
183.796 131
183.797 130
183.797 129
183.798 128
183.798 127
183.799 126
183.799 125.482
183.8 124
183.8 123
183.801 122
183.801 121
183.802 120
183.802 119
183.803 118
183.803 117
183.804 116
183.804 115
183.805 114
183.805 113.463
183.806 112
183.807 111
183.808 110
183.809 109
183.81 108
183.811 107
183.812 106
183.813 105
183.814 104
183.815 103
183.816 102
183.817 101
183.818 100
183.819 99
183.82 98
183.82 97
183.821 96
183.822 95
183.823 94
183.824 93
183.853 94
183.854 95
183.937 96
184.003 97
184.073 98
184.146 99
184.222 100
184.302 101
184.386 102
184.475 103
184.569 104
184.67 105
184.779 106
184.897 107
185.027 108
185.172 109
185.338 110
185.535 111
185.64 112
185.741 113
185.843 114
185.945 115
186.049 116
186.153 117
186.258 118
186.364 119
186.472 120
186.579 121
186.688 122
186.798 123
186.908 124
187.02 125
187.132 126
187.246 127
187.36 128
187.475 129
187.592 130
187.708 131
187.826 132
187.944 133
188.065 134
188.185 135
188.307 136
188.429 137
188.552 138
188.676 139
188.801 140
188.927 141
189.054 142
189.182 143
189.31 144
189.44 145
189.571 146
189.702 147
189.834 148
189.967 149
190.101 150
190.236 151
190.373 152
190.509 153
190.647 154
190.785 155
190.924 156
191.065 157
191.206 158
191.348 159
191.492 160
191.636 161
191.781 162
191.926 163
192.073 164
192.22 165
192.369 166
192.518 167
192.655 168
192.685 169
192.716 170
192.747 171
192.777 172
192.807 173
192.836 174
192.865 175
192.894 176
192.922 177
192.95 178
192.978 179
193.006 180
193.032 181
193.06 182
193.086 183
193.113 184
193.139 185
193.165 186
193.191 187
193.217 188
193.242 189
193.255 188.412
193.256 188.824
193.256 189.235
193.257 189.647
193.257 190.059
193.258 190.471
193.258 190.883
193.259 189
193.259 188
193.26 187
193.26 186
193.261 185
193.261 184
193.262 183
193.262 183.222
193.263 182
193.263 181
193.264 180
193.264 179
193.265 178
193.265 177
193.266 176
193.266 175.563
193.267 174
193.267 173
193.267 172
193.268 171
193.268 170
193.269 169
193.269 168
193.27 167.903
193.27 166
193.271 165
193.271 164
193.272 163
193.272 162
193.273 161
193.273 160
193.274 159
193.274 158
193.275 157
193.275 156
193.276 155
193.276 154
193.277 153
193.277 152.171
193.278 151
193.278 150
193.279 149
193.279 148
193.279 147
193.28 146
193.28 145
193.281 144.51
193.281 142
193.282 141
193.282 140
193.283 139
193.283 138
193.284 137
193.284 136
193.285 135.85
193.285 134
193.286 133
193.286 132
193.394 133
193.395 133.41
193.395 132.818
193.396 133.228
193.396 133.637
193.397 134.046
193.397 134.455
193.398 134.864
193.398 135.273
193.399 135.682
193.399 136.091
193.4 136.5
193.4 135
193.401 134
193.401 133
193.402 132
193.402 131
193.403 130
193.403 129
193.403 128
193.404 127
193.404 126
193.405 125.482
193.405 124
193.406 123
193.406 122
193.407 121
193.407 120
193.408 119
193.408 118
193.409 117
193.409 116
193.41 115
193.41 114
193.411 113.463
193.412 112
193.413 111
193.414 110
193.415 109
193.416 108
193.416 107
193.417 106
193.418 105
193.419 104
193.42 103
193.421 102
193.422 101
193.423 100
193.424 99
193.425 98
193.426 97
193.427 96
193.428 95
193.429 94
193.43 93
193.459 94
193.477 95
193.542 96
193.609 97
193.679 98
193.752 99
193.828 100
193.908 101
193.991 102
194.081 103
194.175 104
194.276 105
194.384 106
194.503 107
194.632 108
194.778 109
194.944 110
195.141 111
195.246 112
195.347 113
195.449 114
195.551 115
195.654 116
195.758 117
195.864 118
195.97 119
196.077 120
196.185 121
196.294 122
196.403 123
196.514 124
196.625 125
196.738 126
196.851 127
196.966 128
197.081 129
197.197 130
197.313 131
197.432 132
197.55 133
197.67 134
197.79 135
197.912 136
198.034 137
198.157 138
198.282 139
198.406 140
198.532 141
198.659 142
198.787 143
198.916 144
199.046 145
199.176 146
199.307 147
199.44 148
199.573 149
199.707 150
199.842 151
199.978 152
