0 0
0.2 0
0.4 99
0.6 34
0.8 32
1 32
1.2 32
1.4 32
1.6 0
1.8 0
2 33
2.2 36
2.4 40
2.6 43
2.8 44
3 46
3.2 48
3.4 49
3.6 50
3.8 51
4 52
4.2 53
4.4 53
4.6 53
4.8 53
5 54
5.2 58
5.4 59
5.6 61
5.8 62
6 64
6.2 65
6.4 66
6.6 67
6.8 69
7 70
7.2 72
7.4 73
7.6 74
7.8 76
8 77
8.2 77
8.4 79
8.6 80
8.8 83
9 85
9.2 86
9.4 87
9.6 89
9.8 90
10 90
10.2 91
10.4 93
10.6 98
10.8 43
11 9
11.2 12
11.4 15
11.6 17
11.8 18
12 20
12.2 21
12.4 22
12.6 24
12.8 26
13 27
13.2 29
13.4 31
13.6 32
13.8 34
14 36
14.2 40
14.4 41
14.6 43
14.8 45
15 47
15.2 48
15.4 49
15.6 51
15.8 52
16 54
16.2 55
16.4 57
16.6 59
16.8 60
17 62
17.2 62
17.4 64
17.6 65
17.8 68
18 70
18.2 71
18.4 73
18.6 74
18.8 76
19 76
19.2 77
19.4 79
19.6 80
19.8 83
20 89
20.2 97
20.4 43
20.6 10
20.8 12
21 14
21.2 17
21.4 19
21.6 20
21.8 22
22 23
22.2 24
22.4 26
22.6 27
22.8 29
23 32
23.2 35
23.4 37
23.6 38
23.8 40
24 42
24.2 44
24.4 44
24.6 46
24.8 48
25 49
25.2 51
25.4 53
25.6 54
25.8 56
26 56
26.2 58
26.4 59
26.6 63
26.8 64
27 66
27.2 67
27.4 69
27.6 70
27.8 71
28 72
28.2 73
28.4 75
28.6 76
28.8 78
29 79
29.2 80
29.4 83
29.6 88
29.8 96
30 42
30.2 9
30.4 12
30.6 14
30.8 17
31 19
31.2 20
31.4 21
31.6 22
31.8 23
32 27
32.2 29
32.4 31
32.6 33
32.8 35
33 36
33.2 37
33.4 39
33.6 41
33.8 43
34 44
34.2 46
34.4 48
34.6 49
34.8 51
35 52
35.2 53
35.4 55
35.6 58
35.8 60
36 61
36.2 63
36.4 64
36.6 66
36.8 66
37 68
37.2 69
37.4 71
37.6 72
37.8 73
38 75
38.2 76
38.4 78
38.6 78
38.8 79
39 81
39.2 90
39.4 97
39.6 47
39.8 9
40 12
40.2 14
40.4 16
40.6 18
40.8 19
41 23
41.2 24
41.4 25
41.6 27
41.8 29
42 31
42.2 32
42.4 34
42.6 35
42.8 37
43 39
43.2 41
43.4 43
43.6 44
43.8 46
44 47
44.2 48
44.4 50
44.6 54
44.8 55
45 57
45.2 58
45.4 60
45.6 61
45.8 62
46 63
46.2 65
46.4 66
46.6 68
46.8 69
47 71
47.2 72
47.4 73
47.6 74
47.8 75
48 77
48.2 80
48.4 81
48.6 83
48.8 90
49 97
49.2 59
49.4 8
49.6 10
49.8 14
50 17
50.2 20
50.4 21
50.6 23
50.8 24
51 25
51.2 26
51.4 28
51.6 30
51.8 32
52 34
52.2 35
52.4 37
52.6 39
52.8 41
53 41
53.2 43
53.4 46
53.6 49
53.8 50
54 52
54.2 53
54.4 55
54.6 57
54.8 57
55 59
55.2 60
55.4 62
55.6 63
55.8 65
56 66
56.2 68
56.4 68
56.6 70
56.8 71
57 74
57.2 76
57.4 77
57.6 79
57.8 80
58 81
58.2 82
58.4 89
58.6 96
58.8 70
59 10
59.2 12
59.4 15
59.6 17
59.8 19
60 20
60.2 22
60.4 23
60.6 24
60.8 26
61 28
61.2 30
61.4 32
61.6 33
61.8 34
62 36
62.2 38
62.4 42
62.6 43
62.8 45
63 47
63.2 49
63.4 50
63.6 51
63.8 52
64 54
64.2 56
64.4 57
64.6 59
64.8 60
65 62
65.2 63
65.4 64
65.6 65
65.8 67
66 70
66.2 72
66.4 73
66.6 74
66.8 76
67 77
67.2 77
67.4 79
67.6 80
67.8 82
68 89
68.2 96
68.4 82
68.6 9
68.8 12
69 14
69.2 16
69.4 18
69.6 20
69.8 22
70 23
70.2 24
70.4 26
70.6 28
70.8 29
71 31
71.2 32
71.4 36
71.6 38
71.8 40
72 42
72.2 43
72.4 45
72.6 46
72.8 47
73 49
73.2 51
73.4 52
73.6 54
73.8 56
74 57
74.2 59
74.4 59
74.6 61
74.8 62
75 66
75.2 67
75.4 69
75.6 70
75.8 71
76 73
76.2 73
76.4 75
76.6 76
76.8 77
77 79
77.2 80
77.4 82
77.6 88
77.8 96
78 92
78.2 9
78.4 11
78.6 14
78.8 16
79 18
79.2 20
79.4 22
79.6 23
79.8 23
80 25
80.2 28
80.4 31
80.6 32
80.8 34
81 36
81.2 38
81.4 40
81.6 41
81.8 42
82 44
82.2 46
82.4 47
82.6 49
82.8 51
83 52
83.2 54
83.4 55
83.6 56
83.8 59
84 61
84.2 63
84.4 64
84.6 66
84.8 67
85 69
85.2 69
85.4 70
85.6 72
85.8 73
86 75
86.2 76
86.4 77
86.6 79
86.8 79
87 81
87.2 87
87.4 96
87.6 100
87.8 8
88 11
88.2 14
88.4 16
88.6 17
88.8 19
89 21
89.2 24
89.4 25
89.6 27
89.8 29
90 31
90.2 32
90.4 33
90.6 35
90.8 37
91 39
91.2 41
91.4 42
91.6 44
91.8 46
92 47
92.2 48
92.4 50
92.6 51
92.8 55
93 56
93.2 58
93.4 60
93.6 61
93.8 63
94 63
94.2 65
94.4 66
94.6 68
94.8 69
95 70
95.2 72
95.4 73
95.6 75
95.8 75
96 76
96.2 78
96.4 81
96.6 82
96.8 89
97 96
97.2 100
97.4 8
97.6 10
97.8 13
98 15
98.2 19
98.4 21
98.6 23
98.8 24
99 25
99.2 27
99.4 28
99.6 29
99.8 31
100 33
100.2 35
100.4 37
100.6 39
100.8 40
101 42
101.2 43
101.4 45
101.6 46
101.8 50
102 52
102.2 53
102.4 55
102.6 56
102.8 58
103 59
103.2 60
103.4 62
103.6 63
103.8 65
104 66
104.2 67
104.4 69
104.6 70
104.8 71
105 72
105.2 74
105.4 77
105.6 78
105.8 80
106 81
106.2 82
106.4 89
106.6 95
106.8 99
107 7
107.2 12
107.4 15
107.6 17
107.8 19
108 21
108.2 23
108.4 23
108.6 24
108.8 25
109 27
109.2 29
109.4 31
109.6 33
109.8 35
110 37
110.2 38
110.4 39
110.6 42
110.8 45
111 47
111.2 48
111.4 50
111.6 52
111.8 53
112 54
112.2 55
112.4 57
112.6 58
112.8 60
113 62
113.2 63
113.4 65
113.6 66
113.8 66
114 68
114.2 70
114.4 73
114.6 74
114.8 76
115 77
115.2 78
115.4 79
115.6 80
115.8 81
116 88
116.2 95
116.4 99
116.6 9
116.8 12
117 15
117.2 16
117.4 18
117.6 20
117.8 22
118 23
118.2 24
118.4 25
118.6 27
118.8 29
119 30
119.2 32
119.4 34
119.6 38
119.8 40
120 41
120.2 43
120.4 45
120.6 47
120.8 47
121 49
121.2 51
121.4 52
121.6 54
121.8 55
122 57
122.2 58
122.4 60
122.6 60
122.8 62
123 63
123.2 67
123.4 68
123.6 70
123.8 71
124 73
124.2 74
124.4 74
124.6 76
124.8 77
125 79
125.2 80
125.4 81
125.6 87
125.8 95
126 99
126.2 8
126.4 11
126.6 14
126.8 16
127 18
127.2 20
127.4 22
127.6 23
127.8 24
128 24
128.2 26
128.4 28
128.6 32
128.8 34
129 36
129.2 38
129.4 40
129.6 41
129.8 42
130 44
130.2 46
130.4 47
130.6 49
130.8 50
131 52
131.2 54
131.4 55
131.6 56
131.8 57
132 59
132.2 62
132.4 64
132.6 65
132.8 67
133 68
133.2 70
133.4 70
133.6 72
133.8 73
134 74
134.2 76
134.4 77
134.6 79
134.8 80
135 81
135.2 86
135.4 93
135.6 98
135.8 11
136 11
136.2 14
136.4 16
136.6 18
136.8 20
137 20
137.2 22
137.4 23
137.6 26
137.8 28
138 30
138.2 32
138.4 34
138.6 36
138.8 37
139 39
139.2 40
139.4 42
139.6 44
139.8 45
140 47
140.2 49
140.4 50
140.6 51
140.8 53
141 55
141.2 58
141.4 59
141.6 61
141.8 62
142 64
142.2 65
142.4 66
142.6 67
142.8 69
143 70
143.2 72
143.4 73
143.6 74
143.8 76
144 77
144.2 78
144.4 79
144.6 81
144.8 88
145 95
145.2 100
145.4 17
145.6 11
145.8 12
146 15
146.2 17
146.4 21
146.6 22
146.8 24
147 25
147.2 26
147.4 28
147.6 29
147.8 31
148 33
148.2 35
148.4 37
148.6 38
148.8 40
149 42
149.2 44
149.4 44
149.6 46
149.8 48
150 51
150.2 53
150.4 55
150.6 56
150.8 58
151 59
151.2 60
151.4 61
151.6 63
151.8 64
152 66
152.2 67
152.4 69
152.6 70
152.8 72
153 72
153.2 73
153.4 75
153.6 78
153.8 79
154 81
154.2 82
154.4 88
154.6 95
154.8 99
155 22
155.2 10
155.4 14
155.6 17
155.8 19
156 21
156.2 22
156.4 24
156.6 24
156.8 25
157 27
157.2 29
157.4 31
157.6 33
157.8 35
158 37
158.2 38
158.4 39
158.6 41
158.8 43
159 46
159.2 48
159.4 50
159.6 51
159.8 53
160 55
160.2 55
160.4 57
160.6 58
160.8 60
161 61
161.2 63
161.4 64
161.6 66
161.8 67
162 68
162.2 69
162.4 71
162.6 74
162.8 75
163 77
163.2 78
163.4 79
163.6 81
163.8 81
164 87
164.2 94
164.4 99
164.6 29
164.8 12
165 14
165.2 17
165.4 19
165.6 20
165.8 21
166 23
166.2 24
166.4 25
166.6 27
166.8 29
167 31
167.2 33
167.4 34
167.6 36
167.8 37
168 41
168.2 43
168.4 45
168.6 46
168.8 48
169 50
169.2 50
169.4 52
169.6 54
169.8 55
170 57
170.2 58
170.4 60
170.6 61
170.8 63
171 63
171.2 65
171.4 67
171.6 70
171.8 71
172 73
172.2 74
172.4 75
172.6 77
172.8 77
173 78
173.2 80
173.4 81
173.6 86
173.8 94
174 99
174.2 39
174.4 11
174.6 13
174.8 16
175 18
175.2 20
175.4 21
175.6 23
175.8 24
176 25
176.2 26
176.4 28
176.6 30
176.8 34
177 36
177.2 38
177.4 39
177.6 41
177.8 43
178 44
178.2 45
178.4 47
178.6 49
178.8 50
179 52
179.2 53
179.4 55
179.6 57
179.8 57
180 59
180.2 60
180.4 64
180.6 65
180.8 67
181 68
181.2 70
181.4 71
181.6 71
181.8 73
182 74
182.2 76
182.4 77
182.6 78
182.8 80
183 81
183.2 86
183.4 92
183.6 98
183.8 50
184 10
184.2 13
184.4 16
184.6 18
184.8 20
185 21
185.2 22
185.4 23
185.6 24
185.8 28
186 30
186.2 32
186.4 34
186.6 36
186.8 37
187 38
187.2 40
187.4 42
187.6 44
187.8 45
188 47
188.2 49
188.4 50
188.6 52
188.8 52
189 54
189.2 56
189.4 59
189.6 61
189.8 62
190 64
190.2 65
190.4 67
190.6 67
190.8 69
191 70
191.2 71
191.4 73
191.6 74
191.8 76
192 77
192.2 78
192.4 79
192.6 80
192.8 85
193 94
193.2 100
193.4 49
193.6 10
193.8 13
194 16
194.2 17
194.4 19
194.6 20
194.8 24
195 25
195.2 26
195.4 28
195.6 30
195.8 32
196 33
196.2 35
196.4 36
196.6 38
196.8 40
197 42
197.2 43
197.4 45
197.6 47
197.8 48
198 49
198.2 51
198.4 54
198.6 56
198.8 58
199 59
199.2 61
199.4 62
199.6 63
199.8 64
200 66
