0.140039 10
0.180567 11
0.181529 13
0.18249 15
0.183451 17
0.184413 19
0.22109 21
0.223858 23
0.226627 25
0.229395 27
0.232163 29
0.234931 31
0.237699 33
0.240467 35
0.243236 37
0.261613 39
0.264381 41
0.267149 43
0.269918 45
0.272686 47
0.275454 49
0.278057 51
0.280474 53
0.282565 55
0.291458 57
0.293193 59
0.294928 61
0.296663 63
0.298399 65
0.302136 67
0.30371 69
0.305283 71
0.306857 73
0.308431 75
0.310004 77
0.311578 79
0.313152 81
0.314726 83
0.316299 85
0.317873 87
0.319447 89
0.32102 91
0.322594 93
0.324168 95
0.325742 97
0.327315 99
0.328889 101
0.330463 103
0.332036 105
0.333516 107
0.334947 109
0.336285 111
0.33758 113
0.338798 115
0.339983 117
0.341134 119
0.342285 121
0.343341 123
0.344302 125
0.345264 127
0.346225 129
0.347186 131
0.348147 133
0.349109 135
0.35007 137
0.351031 139
0.351993 141
0.352954 143
0.353915 145
0.354876 147
0.355838 149
0.356799 151
0.35776 153
0.358722 155
0.359683 157
0.360644 159
0.361605 161
0.362567 163
0.363528 165
0.364489 167
0.365451 169
0.366412 171
0.367373 173
0.368334 175
0.369296 177
0.370257 179
0.371218 181
0.372179 183
0.373141 185
0.374102 187
0.375063 189
0.376025 191
0.376986 193
0.377947 195
0.378908 197
0.37987 199
0.380831 201
0.381792 203
0.382754 205
0.383715 207
0.384676 209
0.385637 211
0.386599 213
0.38756 215
0.388521 217
0.389483 219
0.390444 221
0.391405 223
0.392366 225
0.393328 227
0.394289 229
0.39525 231
0.396211 233
0.397173 235
0.398134 237
0.399095 239
0.400057 241
0.401018 243
0.401979 245
0.40294 247
0.403902 249
0.464951 248
0.464951 247
0.464951 249
0.465432 248
0.465912 247
0.466393 246
0.466874 245
0.467354 244
0.467835 243
0.468316 242
0.468796 241
0.469277 240
0.469757 239
0.470238 238
0.470719 237
0.471199 236
0.47168 235
0.472161 234
0.472641 233
0.473122 232
0.473603 231
0.474083 230
0.474564 229
0.475045 228
0.475525 227
0.476006 226
0.476486 225
0.476967 224
0.477448 223
0.477928 222
0.478409 221
0.47889 220
0.47937 219
0.479851 218
0.480332 217
0.480812 216
0.481293 215
0.481773 214
0.482254 213
0.482735 212
0.483215 211
0.483696 210
0.484177 209
0.484657 208
0.485138 207
0.485619 206
0.486099 205
0.48658 204
0.487061 203
0.487541 202
0.488022 201
0.488502 200
0.488983 199
0.489464 198
0.489944 197
0.489944 198
0.490425 196
0.490425 197
0.490906 198
0.491386 196
0.491386 197
0.491867 198
0.492348 196
0.492348 197
0.492828 198
0.493309 196
0.493309 197
0.493789 198
0.49427 196
0.49427 197
0.494751 198
0.495231 197
0.495231 198
0.495712 199
0.496193 200
0.496673 201
0.497154 202
0.497635 203
0.498115 204
0.498596 205
0.499077 206
0.499557 207
0.500038 208
0.500518 209
0.500999 210
0.50148 211
0.50196 212
0.502441 213
0.502922 214
0.503402 215
0.503883 216
0.504364 217
0.504844 218
0.505325 219
0.505805 220
0.506286 221
0.506767 222
0.507247 223
0.507728 224
0.508209 225
0.508689 226
0.50917 227
0.509651 228
0.510131 229
0.510612 230
0.511093 231
0.511573 232
0.512054 233
0.512534 234
0.513015 235
0.513496 236
0.513976 237
0.514457 238
0.514938 239
0.515418 240
0.515899 241
0.51638 242
0.51686 243
0.517341 244
0.517821 245
0.518302 246
0.518783 247
0.519263 248
0.553869 247
0.553869 248
0.55435 247
0.55435 248
0.554831 247
0.554831 248
0.555311 247
0.555311 248
0.555792 247
0.555792 248
0.556273 247
0.556273 248
0.556753 247
0.556753 248
0.557234 247
0.557234 248
0.557715 247
0.557715 248
0.558195 247
0.558195 248
0.558676 247
0.558676 248
0.559157 247
0.559157 248
0.559637 247
0.559637 248
0.560118 247
0.560118 248
0.560598 247
0.560598 248
0.561079 247
0.561079 248
0.56156 247
0.56156 248
0.56204 247
0.56204 248
0.562521 247
0.562521 248
0.563002 247
0.563002 248
0.563482 247
0.563482 248
0.563963 247
0.563963 248
0.564444 247
0.564444 248
0.564924 247
0.564924 248
0.565405 247
0.565405 248
0.565885 247
0.565885 248
0.566366 247
0.566366 248
0.566847 247
0.566847 248
0.567327 247
0.567327 248
0.567808 247
0.567808 248
0.568289 247
0.568289 248
0.568769 247
0.568769 248
0.56925 247
0.56925 248
0.569731 247
0.569731 248
0.570211 247
0.570211 248
0.570692 247
0.570692 248
0.571173 247
0.571173 248
0.571653 247
0.571653 248
0.572134 247
0.572134 248
0.572614 247
0.572614 248
0.573095 247
0.573095 248
0.573576 247
0.573576 248
0.574056 247
0.574056 248
0.574537 247
0.574537 248
0.575018 247
0.575018 248
0.575498 247
0.575498 248
0.575979 247
0.575979 248
0.57646 247
0.57646 248
0.57694 247
0.57694 248
0.577421 247
0.577421 248
0.577901 247
0.577901 248
0.578382 247
0.578382 248
0.578863 247
0.578863 248
0.579343 247
0.579343 248
0.580305 247
0.580305 248
0.581266 247
0.581266 248
0.581747 246
0.581747 247
0.582227 246
0.582227 247
0.582708 246
0.582708 247
0.583189 246
0.583189 247
0.583669 246
0.583669 247
0.58415 246
0.58415 247
0.58463 246
0.58463 247
0.585111 246
0.585111 247
0.585592 245
0.585592 246
0.586072 245
0.586072 246
0.586553 245
0.586553 246
0.587034 245
0.587034 246
0.587514 245
0.587514 246
0.587995 245
0.587995 246
0.588476 245
0.588476 246
0.588956 245
0.588956 246
0.589437 245
0.589437 246
0.589917 245
0.589917 246
0.590398 245
0.590398 246
0.590879 245
0.590879 246
0.591359 245
0.591359 246
0.59184 245
0.59184 246
0.592321 245
0.592321 246
0.592801 245
0.592801 246
0.593282 245
0.593282 246
0.593763 245
0.593763 246
0.594243 245
0.594243 246
0.594724 245
0.594724 246
0.595205 245
0.595205 246
0.595685 245
0.595685 246
0.596166 245
0.596166 246
0.596646 245
0.596646 246
0.597127 245
0.597127 246
0.597608 245
0.597608 246
0.598088 245
0.598088 246
0.598569 245
0.598569 246
0.59905 245
0.59905 246
0.59953 245
0.59953 246
0.600011 245
0.600011 246
0.600492 245
0.600492 246
0.600972 245
0.600972 246
0.601453 245
0.601453 246
0.601933 245
0.601933 246
0.602414 245
0.602414 246
0.602895 245
0.602895 246
0.603375 245
0.603375 246
0.603856 245
0.603856 246
0.604337 245
0.604337 246
0.604817 245
0.604817 246
0.605298 245
0.605298 246
0.605779 245
0.605779 246
0.606259 245
0.606259 246
0.60674 245
0.60674 246
0.607221 245
0.607221 246
0.607701 245
0.607701 246
0.608182 245
0.608182 246
0.608662 245
0.608662 246
0.609143 245
0.609143 246
0.609624 245
0.609624 246
0.610104 247
0.610585 248
0.667781 249
0.668262 249.521
0.669704 248.521
0.669704 249.521
0.670184 248.521
0.670184 249.521
0.670665 248.521
0.670665 249.521
0.671626 248.521
0.671626 249.521
0.672588 248.521
0.672588 249.521
0.673549 248.521
0.673549 249.521
0.67451 248.521
0.67451 249.521
0.674991 248.521
0.674991 249.521
0.675471 248.521
0.675471 249.521
0.675952 248.521
0.675952 249.521
0.676433 248.521
0.676433 249.521
0.676913 248.521
0.676913 249.521
0.677394 248.521
0.677394 249.521
0.677875 248.521
0.677875 249.521
0.678355 248.521
0.678355 249.521
0.678836 248.521
0.678836 249.521
0.679317 248.521
0.679317 249.521
0.679797 248.521
0.679797 249.521
0.680278 248.521
0.680278 249.521
0.680758 248.521
0.680758 249.521
0.681239 248.521
0.681239 249.521
0.68172 248.521
0.68172 249.521
0.6822 248.521
0.6822 249.521
0.682681 248.521
0.682681 249.521
0.683162 248.521
0.683162 249.521
0.683642 248.521
0.683642 249.521
0.684123 248.521
0.684123 249.521
0.684604 248.521
0.684604 249.521
0.685084 248.521
0.685084 249.521
0.685565 248.521
0.685565 249.521
0.686045 248.521
0.686045 249.521
0.686526 248.521
0.686526 249.521
0.687007 248.521
0.687007 249.521
0.687487 248.521
0.687487 249.521
0.687968 248.521
0.687968 249.521
0.688449 248.521
0.688449 249.521
0.688929 248.521
0.688929 249.521
0.68941 248.521
0.68941 249.521
0.689891 248.521
0.689891 249.521
0.690371 248.521
0.690371 249.521
0.690852 248.521
0.690852 249.521
0.691333 248.521
0.691333 249.521
0.691813 248.521
0.691813 249.521
0.692294 248.521
0.692294 249.521
0.692774 248.521
0.692774 249.521
0.693255 248.521
0.693255 249.521
0.693736 248.521
0.693736 249.521
0.694216 248.521
0.694216 249.521
0.694697 248.521
0.694697 249.521
0.695178 248.521
0.695178 249.521
0.695658 248.521
0.695658 249.521
0.696139 248.521
0.696139 249.521
0.69662 248.521
0.69662 249.521
0.6971 248.521
0.6971 249.521
0.697581 248.521
0.697581 249.521
0.698061 248.521
0.698061 249.521
0.698542 248.521
0.698542 249.521
0.699984 199.521
0.699984 200.521
0.700465 199.521
0.700465 200.521
0.700945 199.521
0.700945 200.521
0.701426 201.521
0.701907 202.521
0.702387 203.521
0.702868 204.521
0.703349 205.521
0.703829 206.521
0.70431 207.521
0.70479 208.521
0.705271 209.521
0.705752 210.521
0.706232 211.521
0.706713 212.521
0.707194 213.521
0.707674 214.521
0.708155 215.521
0.708636 216.521
0.709116 217.521
0.709597 218.521
0.710077 219.521
0.710558 220.521
0.711039 221.521
0.711519 222.521
0.712 223.521
0.712481 224.521
0.712961 225.521
0.713442 226.521
0.713923 227.521
0.714403 228.521
0.714884 229.521
0.715365 230.521
0.715845 231.521
0.716326 232.521
0.716806 233.521
0.717287 234.521
0.717768 235.521
0.718248 236.521
0.718729 237.521
0.71921 238.521
0.71969 239.521
0.720171 240.521
0.720652 241.521
0.721132 242.521
0.721613 243.521
0.722093 244.521
0.722574 245.521
0.723055 246.521
0.723535 247.521
0.724016 248.521
0.724497 249.521
0.761506 248.521
0.761506 249.521
0.761987 248.521
0.761987 249.521
0.762467 248.521
0.762467 249.521
0.762948 248.521
0.762948 249.521
0.763429 248.521
0.763429 249.521
0.763909 248.521
0.763909 249.521
0.76439 248.521
0.76439 249.521
0.76487 248.521
0.76487 249.521
0.765351 248.521
0.765351 249.521
0.765832 248.521
0.765832 249.521
0.766312 248.521
0.766312 249.521
0.766793 248.521
0.766793 249.521
0.767274 248.521
0.767274 249.521
0.767754 248.521
0.767754 249.521
0.768235 248.521
0.768235 249.521
0.768716 248.521
0.768716 249.521
0.769196 248.521
0.769196 249.521
0.769677 248.521
0.769677 249.521
0.770157 248.521
0.770157 249.521
0.770638 248.521
0.770638 249.521
0.771119 248.521
0.771119 249.521
0.771599 248.521
0.771599 249.521
0.77208 248.521
0.77208 249.521
0.772676 248.521
0.772676 249.521
0.774056 248.521
0.774056 249.521
0.775436 248.521
0.775436 249.521
0.776816 248.521
0.776816 249.521
0.778196 248.521
0.778196 249.521
0.779576 248.521
0.779576 249.521
0.780956 248.521
0.780956 249.521
0.782336 248.521
0.782336 249.521
0.783716 248.521
0.783716 249.521
0.785096 248.521
0.785096 249.521
0.786476 248.521
0.786476 249.521
0.787856 248.521
0.787856 249.521
0.789236 248.521
0.789236 249.521
0.790617 248.521
0.790617 249.521
0.791997 248.521
0.791997 249.521
0.793377 248.521
0.793377 249.521
0.794757 248.521
0.794757 249.521
0.796137 248.521
0.796137 249.521
0.797517 248.521
0.797517 249.521
0.798897 248.521
0.798897 249.521
0.800277 248.521
0.800277 249.521
0.801657 248.521
0.801657 249.521
0.803037 248.521
0.803037 249.521
0.804417 248.521
0.804417 249.521
0.805797 248.521
0.805797 249.521
0.807178 248.521
0.807178 249.521
0.808558 248.521
0.808558 249.521
0.809935 248.521
0.809935 249.521
0.811312 248.521
0.811312 249.521
1.04593 245.512
1.2094 88.7631
1.55387 1
1.59439 2
1.59439 4
1.63492 5
1.63604 6
1.63715 7
1.63827 8
1.67544 9
1.6787 11
1.68148 13
1.68427 15
1.71597 17
1.71922 19
1.72201 21
1.72479 23
1.72758 25
1.73037 27
1.73316 29
1.75649 31
1.75928 33
1.76207 35
1.76485 37
1.76764 39
1.77043 41
1.77322 43
1.77601 45
1.77879 47
1.78158 49
1.78437 51
1.78716 53
1.78995 55
1.79273 57
1.79701 59
1.7998 61
1.80259 62.9675
1.88065 62.3874
1.88344 64.3874
1.92754 65.0919
1.9298 65.8543
1.93205 67.8543
1.9343 69.7776
1.94331 71.7776
1.94557 73.5173
1.95458 75.5173
1.95683 77.2369
1.96584 78.0173
1.97032 78.0649
1.97252 80.0649
1.97465 82.0131
1.99266 84.0131
1.9946 85.73
2.00386 87.3653
2.00753 87.5967
2.00935 88.4413
2.01117 89.2486
2.01299 91.2486
2.01476 93.1657
2.02338 94.9061
2.02855 95.201
2.03028 95.6692
2.032 96.1423
2.03701 98.1423
2.03865 99.0145
2.04358 99.4026
2.05002 101.403
2.05161 103.403
2.05319 105.348
2.06223 105.59
2.06373 107.59
2.06522 109.533
2.07255 109.581
2.074 111.581
2.07545 113.527
2.08395 115.124
2.08815 115.364
2.08955 115.916
2.09095 116.462
2.09364 116.7
2.09495 117.773
2.09626 118.457
2.09758 118.957
2.09889 119.715
2.10021 120.227
2.10152 120.743
2.10284 121.263
2.10415 123.263
2.10544 125.204
2.113 127.204
2.11426 129.03
2.12035 129.115
2.12157 131.115
2.12278 133.055
2.12998 134.74
2.13354 135.108
2.13938 137.108
2.14053 138.717
2.14281 138.754
2.14395 139.332
2.14836 141.332
2.14945 142.923
2.15164 143.05
2.15273 143.604
2.15595 145.604
2.15701 146.615
2.15913 146.807
2.16019 147.333
2.16125 147.862
2.16436 149.862
2.16538 150.846
2.16743 151.261
2.16846 151.862
2.16948 152.467
2.17152 152.726
2.17253 153.68
2.17355 154.302
2.17557 155.836
2.17658 156.456
2.17759 157.038
2.17859 159.038
2.1796 160.986
2.1855 162.547
2.19325 164.547
2.19421 166.387
2.20094 168.387
2.2019 170.259
2.20959 172.259
2.21055 174.005
2.21632 175.374
2.22305 176.482
2.22882 174.482
2.22978 174.927
2.23651 175.063
2.35763 175.143
2.51143 177.143
2.55181 175.143
2.83442 177.143
2.87287 176.985
2.8748 174.985
3.03533 174.708
3.15741 176.708
3.19779 174.708
3.41888 174.645
3.47463 174.527
3.4804 176.527
3.52078 174.527
3.71015 174.365
3.80339 176.365
3.84377 174.365
4.07063 174.314
4.12638 176.314
4.13119 176.218
4.16676 174.218
4.44457 174.045
4.44937 176.045
4.48975 174.045
4.77236 176.045
4.81274 174.045
5.03479 174.005
5.09535 176.005
5.13573 174.005
5.23762 173.892
5.41834 175.892
5.45872 173.892
5.72018 173.856
5.74133 175.856
5.78171 173.856
5.86726 173.823
6.06432 175.823
6.1047 173.823
6.1518 173.756
6.38731 175.756
6.42769 173.756
6.58918 173.724
6.7103 175.724
6.75068 173.724
6.88622 173.693
7.03329 175.693
7.07367 173.693
7.18325 173.664
7.35628 175.664
7.39666 173.664
7.48702 173.578
7.67927 175.578
7.71965 173.578
7.75618 173.606
7.90806 173.635
8.00226 175.635
8.04264 173.635
8.32525 175.635
8.36563 173.635
8.64824 175.635
8.68189 175.606
8.68862 173.606
8.97123 175.606
9.01161 173.606
9.29422 175.606
9.3346 173.606
9.61721 175.606
9.65759 173.606
9.9402 175.606
9.98058 173.606
10.1815 160.961
10.1815 4
10.1824 6
10.1824 4
10.1834 6
10.1834 4
10.1844 6
10.1844 4
10.1853 6
10.1853 4
10.1863 6
10.1863 4
10.1873 6
10.1873 4
10.1882 6
10.1882 4
10.1892 6
10.1892 4
10.1901 6
10.1901 4
10.1911 6
10.1911 4
10.1921 6
10.1921 4
10.193 6
10.193 4
10.194 6
10.194 4
10.1949 6
10.1949 4
10.1959 6
10.1959 4
10.1969 6
10.1969 4
10.1978 6
10.1978 4
10.1988 6
10.1988 4
10.1997 6
10.1997 4
10.2007 6
10.2007 4
10.2017 6
10.2017 4
10.2026 6
10.2026 4
10.2036 6
10.2036 4
10.2046 6
10.2046 4
10.2055 6
10.2055 4
10.2065 6
10.2065 4
10.2074 6
10.2074 4
10.2084 6
10.2084 4
10.2094 6
10.2094 4
10.2103 6
10.2103 4
10.2113 6
10.2113 4
10.2122 6
10.2122 4
10.2132 6
10.2132 4
10.2142 6
10.2142 4
10.2151 6
10.2151 4
10.2161 6
10.2161 4
10.2171 6
10.2171 4
10.218 6
10.218 4
10.219 6
10.219 4
10.2199 6
10.2199 4
10.2209 6
10.2209 4
10.2219 6
10.2219 4
10.2228 6
10.2228 4
10.2238 6
10.2238 4
10.2247 6
10.2247 4
10.2257 6
10.2257 4
10.2267 6
10.2267 4
10.2276 6
10.2276 4
10.2286 6
10.2286 4
10.2295 6
10.2295 4
10.2305 6
10.2305 4
10.2315 6
10.2315 4
10.2324 6
10.2324 4
10.2334 6
10.2334 4
10.2344 6
10.2344 4
10.2353 6
10.2353 4
10.2363 6
10.2363 4
10.2372 6
10.2372 4
10.2382 6
10.2382 4
10.2392 6
10.2392 4
10.2401 6
10.2401 4
10.2411 6
10.2411 4
10.242 6
10.242 4
10.243 6
10.243 4
10.244 6
10.244 4
10.2449 6
10.2449 4
10.2459 6
10.2459 4
10.2469 6
10.2469 4
10.2478 6
10.2478 4
10.2488 6
10.2488 4
10.2497 6
10.2497 4
10.2507 6
10.2507 4
10.2517 6
10.2517 4
10.2526 6
10.2526 4
10.2536 6
10.2536 4
10.2545 6
10.2545 4
10.2946 6
10.2946 4
10.2955 6
10.2955 4
10.3356 6
10.3356 4
10.3365 6
10.3365 4
10.3766 6
10.3766 4
10.3776 6
10.3776 4
10.4176 6
10.4176 4
10.4186 6
10.4186 4
10.4586 249
10.4586 177.821
10.5409 179.821
10.5823 177.606
10.5852 179.606
10.5861 181.573
10.5948 179.573
10.8841 181.573
10.9254 179.573
11.1215 179.16
11.2148 181.16
11.2561 179.16
11.3378 178.886
11.5455 180.886
11.5868 178.886
11.6724 178.825
11.7291 178.652
11.8762 180.652
11.9175 178.652
12.0838 178.497
12.2068 180.497
12.2482 178.497
12.4548 178.357
12.5375 180.357
12.5789 178.357
12.8442 178.271
12.8682 180.271
12.9095 178.271
13.1806 178.115
13.1989 180.115
13.2402 178.115
13.5296 180.115
13.5709 178.115
13.8602 180.115
13.8727 180.043
13.9016 178.043
14.1909 180.043
14.2323 178.043
14.3053 177.975
14.5216 179.975
14.5629 177.975
14.6668 177.911
14.8523 179.911
14.8936 177.911
15.183 179.911
15.2243 177.911
15.2627 177.881
15.5136 179.881
15.555 177.881
15.5617 177.821
15.8443 179.821
15.8857 177.821
16.175 179.821
16.2163 177.821
16.2557 177.793
16.5057 179.793
16.547 177.793
16.8364 179.793
16.8777 177.793
17.167 179.793
17.2084 177.793
17.4977 179.793
17.5391 177.793
17.8284 179.793
17.8697 177.793
18.1591 179.793
18.2004 177.793
18.4898 179.793
18.5311 177.793
18.8204 179.793
18.8618 177.793
19.1511 179.793
19.1925 177.793
19.4818 179.793
19.5231 177.793
19.8125 179.793
19.8538 177.793
20.1432 179.793
20.1845 177.793
20.4738 179.793
20.5152 177.793
20.5825 4
20.5834 6
20.5834 4
20.5844 6
20.5844 4
20.5854 6
20.5854 4
20.5863 6
20.5863 4
20.5873 6
20.5873 4
20.5882 6
20.5882 4
20.5892 6
20.5892 4
20.5902 6
20.5902 4
20.5911 6
20.5911 4
20.5921 6
20.5921 4
20.593 6
20.593 4
20.594 6
20.594 4
20.595 6
20.595 4
20.5959 6
20.5959 4
20.5969 6
20.5969 4
20.5978 6
20.5978 4
20.5988 6
20.5988 4
20.5998 6
20.5998 4
20.6007 6
20.6007 4
20.6017 6
20.6017 4
20.6027 6
20.6027 4
20.6036 6
20.6036 4
20.6046 6
20.6046 4
20.6055 6
20.6055 4
20.6065 6
20.6065 4
20.6075 6
20.6075 4
20.6084 6
20.6084 4
20.6094 6
20.6094 4
20.6103 6
20.6103 4
20.6113 6
20.6113 4
20.6123 6
20.6123 4
20.6132 6
20.6132 4
20.6142 6
20.6142 4
20.6152 6
20.6152 4
20.6161 6
20.6161 4
20.6171 6
20.6171 4
20.618 6
20.618 4
20.619 6
20.619 4
20.62 6
20.62 4
20.6209 6
20.6209 4
20.6219 6
20.6219 4
20.6228 6
20.6228 4
20.6238 6
20.6238 4
20.6248 6
20.6248 4
20.6257 6
20.6257 4
20.6267 6
20.6267 4
20.6276 6
20.6276 4
20.6286 6
20.6286 4
20.6296 6
20.6296 4
20.6305 6
20.6305 4
20.6315 6
20.6315 4
20.6325 6
20.6325 4
20.6334 6
20.6334 4
20.6344 6
20.6344 4
20.6353 6
20.6353 4
20.6363 6
20.6363 4
20.6373 6
20.6373 4
20.6382 6
20.6382 4
20.6392 6
20.6392 4
20.6401 6
20.6401 4
20.6411 6
20.6411 4
20.6421 6
20.6421 4
20.643 6
20.643 4
20.644 6
20.644 4
20.645 6
20.645 4
20.6459 6
20.6459 4
20.6469 6
20.6469 4
20.6478 6
20.6478 4
20.6488 6
20.6488 4
20.6498 6
20.6498 4
20.6507 6
20.6507 4
20.6517 6
20.6517 4
20.6526 6
20.6526 4
20.6536 6
20.6536 4
20.6546 6
20.6546 4
20.6555 6
20.6555 4
20.6565 6
20.6565 4
20.696 6
20.696 4
20.6975 6
20.6975 4
20.7371 6
20.7371 4
20.7385 6
20.7385 4
20.7781 6
20.7781 4
20.7795 6
20.7795 4
20.8191 6
20.8191 4
20.8205 6
20.8205 4
20.8601 249
20.8601 177.793
20.9837 179.793
21.0251 177.606
21.028 179.606
21.0289 181.573
21.0376 179.573
21.3269 181.573
21.3682 179.573
21.5643 179.16
21.6576 181.16
21.6989 179.16
21.7806 178.886
21.9883 180.886
22.0296 178.886
22.1152 178.825
22.1719 178.652
22.319 180.652
22.3603 178.652
22.5266 178.497
22.6496 180.497
22.691 178.497
22.8976 178.357
22.9803 180.357
23.0216 178.357
23.287 178.271
23.311 180.271
23.3523 178.271
23.6234 178.115
23.6417 180.115
23.683 178.115
23.9724 180.115
24.0137 178.115
24.303 180.115
24.3155 180.043
24.3444 178.043
24.6337 180.043
24.6751 178.043
24.7481 177.975
24.9644 179.975
25.0057 177.975
25.1095 177.911
25.2951 179.911
25.3364 177.911
25.6258 179.911
25.6671 177.911
25.7055 177.881
25.9564 179.881
25.9978 177.881
26.0055 177.793
26.2871 179.793
26.3285 177.793
26.6178 179.793
26.6591 177.793
26.9485 179.793
26.9898 177.793
27.2792 179.793
27.3205 177.793
27.6098 179.793
27.6512 177.793
27.9405 179.793
27.9819 177.793
28.2712 179.793
28.3125 177.793
28.6019 179.793
28.6432 177.793
28.9326 179.793
28.9739 177.793
29.2632 179.793
29.3046 177.793
29.5939 179.793
29.6353 177.793
29.9246 179.793
29.9659 177.793
30.2553 179.793
30.2966 177.793
30.586 179.793
30.6273 177.793
30.9166 179.793
30.958 177.793
31.0281 179.793
31.0281 4
31.0291 6
31.0291 4
31.0301 6
31.0301 4
31.031 6
31.031 4
31.032 6
31.032 4
31.033 6
31.033 4
31.0339 6
31.0339 4
31.0349 6
31.0349 4
31.0358 6
31.0358 4
31.0368 6
31.0368 4
31.0378 6
31.0378 4
31.0387 6
31.0387 4
31.0397 6
31.0397 4
31.0406 6
31.0406 4
31.0416 6
31.0416 4
31.0426 6
31.0426 4
31.0435 6
31.0435 4
31.0445 6
31.0445 4
31.0455 6
31.0455 4
31.0464 6
31.0464 4
31.0474 6
31.0474 4
31.0483 6
31.0483 4
31.0493 6
31.0493 4
31.0503 6
31.0503 4
31.0512 6
31.0512 4
31.0522 6
31.0522 4
31.0531 6
31.0531 4
31.0541 6
31.0541 4
31.0551 6
31.0551 4
31.056 6
31.056 4
31.057 6
31.057 4
31.0579 6
31.0579 4
31.0589 6
31.0589 4
31.0599 6
31.0599 4
31.0608 6
31.0608 4
31.0618 6
31.0618 4
31.0628 6
31.0628 4
31.0637 6
31.0637 4
31.0647 6
31.0647 4
31.0656 6
31.0656 4
31.0666 6
31.0666 4
31.0676 6
31.0676 4
31.0685 6
31.0685 4
31.0695 6
31.0695 4
31.0704 6
31.0704 4
31.0714 6
31.0714 4
31.0724 6
31.0724 4
31.0733 6
31.0733 4
31.0743 6
31.0743 4
31.0753 6
31.0753 4
31.0762 6
31.0762 4
31.0772 6
31.0772 4
31.0781 6
31.0781 4
31.0791 6
31.0791 4
31.0801 6
31.0801 4
31.081 6
31.081 4
31.082 6
31.082 4
31.0829 6
31.0829 4
31.0839 6
31.0839 4
31.0849 6
31.0849 4
31.0858 6
31.0858 4
31.0868 6
31.0868 4
31.0877 6
31.0877 4
31.0887 6
31.0887 4
31.0897 6
31.0897 4
31.0906 6
31.0906 4
31.0916 6
31.0916 4
31.0926 6
31.0926 4
31.0935 6
31.0935 4
31.0945 6
31.0945 4
31.0954 6
31.0954 4
31.0964 6
31.0964 4
31.0974 6
31.0974 4
31.0983 6
31.0983 4
31.0993 6
31.0993 4
31.1002 6
31.1002 4
31.1012 6
31.1012 4
31.1022 6
31.1022 4
31.1417 6
31.1417 4
31.1432 6
31.1432 4
31.1827 6
31.1827 4
31.1842 6
31.1842 4
31.2237 6
31.2237 4
31.2252 6
31.2252 4
31.2647 6
31.2647 4
31.2662 6
31.2662 4
31.3057 249
31.3057 177.793
31.4708 175.606
31.5121 177.606
31.5573 179.606
31.5582 181.573
31.5698 179.573
31.8591 181.573
31.9004 179.573
32.0908 179.235
32.1898 181.235
32.2311 179.235
32.2465 178.886
32.5205 180.886
32.5618 178.886
32.6416 178.825
32.755 178.707
32.8512 180.707
32.8704 180.497
32.8925 178.497
33.1818 180.497
33.2232 178.497
33.425 178.357
33.5125 180.357
33.5538 178.357
33.8134 178.271
33.8432 180.271
33.8845 178.271
34.147 178.152
34.1739 180.152
34.2152 178.152
34.5046 180.152
34.5459 178.152
34.6343 178.115
34.8352 180.115
34.8766 178.115
34.9102 178.008
35.1659 180.008
35.2072 178.008
35.4966 180.008
35.5379 178.008
35.5543 177.943
35.8273 179.943
35.8686 177.943
36.0013 177.881
36.158 179.881
36.1993 177.881
36.4886 179.881
36.53 177.881
36.6098 177.85
36.8193 179.85
36.8606 177.85
36.9154 177.793
37.15 179.793
37.1913 177.793
37.4807 179.793
37.522 177.793
37.8114 179.793
37.8527 177.793
38.142 179.793
38.1834 177.793
38.4727 179.793
38.5141 177.793
38.8034 179.793
38.8447 177.793
39.1341 179.793
39.1754 177.793
39.4648 179.793
39.5061 177.793
39.7954 179.793
39.8368 177.793
40.1261 179.793
40.1675 177.793
40.4568 179.793
40.4981 177.793
40.7875 179.793
40.8288 177.793
41.1182 179.793
41.1595 177.793
41.4488 179.793
41.4902 177.793
41.5546 4
41.5555 6
41.5555 4
41.5565 6
41.5565 4
41.5575 6
41.5575 4
41.5584 6
41.5584 4
41.5594 6
41.5594 4
41.5603 6
41.5603 4
41.5613 6
41.5613 4
41.5623 6
41.5623 4
41.5632 6
41.5632 4
41.5642 6
41.5642 4
41.5652 6
41.5652 4
41.5661 6
41.5661 4
41.5671 6
41.5671 4
41.568 6
41.568 4
41.569 6
41.569 4
41.57 6
41.57 4
41.5709 6
41.5709 4
41.5719 6
41.5719 4
41.5728 6
41.5728 4
41.5738 6
41.5738 4
41.5748 6
41.5748 4
41.5757 6
41.5757 4
41.5767 6
41.5767 4
41.5777 6
41.5777 4
41.5786 6
41.5786 4
41.5796 6
41.5796 4
41.5805 6
41.5805 4
41.5815 6
41.5815 4
41.5825 6
41.5825 4
41.5834 6
41.5834 4
41.5844 6
41.5844 4
41.5853 6
41.5853 4
41.5863 6
41.5863 4
41.5873 6
41.5873 4
41.5882 6
41.5882 4
41.5892 6
41.5892 4
41.5901 6
41.5901 4
41.5911 6
41.5911 4
41.5921 6
41.5921 4
41.593 6
41.593 4
41.594 6
41.594 4
41.595 6
41.595 4
41.5959 6
41.5959 4
41.5969 6
41.5969 4
41.5978 6
41.5978 4
41.5988 6
41.5988 4
41.5998 6
41.5998 4
41.6007 6
41.6007 4
41.6017 6
41.6017 4
41.6026 6
41.6026 4
41.6036 6
41.6036 4
41.6046 6
41.6046 4
41.6055 6
41.6055 4
41.6065 6
41.6065 4
41.6074 6
41.6074 4
41.6084 6
41.6084 4
41.6094 6
41.6094 4
41.6103 6
41.6103 4
41.6113 6
41.6113 4
41.6123 6
41.6123 4
41.6132 6
41.6132 4
41.6142 6
41.6142 4
41.6151 6
41.6151 4
41.6161 6
41.6161 4
41.6171 6
41.6171 4
41.618 6
41.618 4
41.619 6
41.619 4
41.6199 6
41.6199 4
41.6209 6
41.6209 4
41.6219 6
41.6219 4
41.6228 6
41.6228 4
41.6238 6
41.6238 4
41.6248 6
41.6248 4
41.6257 6
41.6257 4
41.6267 6
41.6267 4
41.6276 6
41.6276 4
41.6286 6
41.6286 4
41.6682 6
41.6682 4
41.6696 6
41.6696 4
41.7092 6
41.7092 4
41.7106 6
41.7106 4
41.7502 6
41.7502 4
41.7516 6
41.7516 4
41.7912 6
41.7912 4
41.7926 6
41.7926 4
41.8322 249
41.8322 177.793
41.9145 179.793
41.9587 181.573
41.9683 179.573
42.2577 181.573
42.299 179.573
42.4942 179.16
42.5884 181.16
42.6297 179.16
42.7095 178.886
42.919 180.886
42.9604 178.886
43.045 178.825
43.1594 178.652
43.2497 180.652
43.2911 178.652
43.4603 178.497
43.5804 180.497
43.6217 178.497
43.7698 178.449
43.8947 178.357
43.9111 180.357
43.9524 178.357
44.2225 178.271
44.2418 180.271
44.2831 178.271
44.4936 178.23
44.5725 180.23
44.6138 178.23
44.7003 178.152
44.9031 180.152
44.9445 178.152
45.0435 178.078
45.2338 180.078
45.2751 178.078
45.3953 178.043
45.5645 180.043
45.6058 178.043
45.6077 177.975
45.8952 179.975
45.9365 177.975
46.0509 177.943
46.2259 179.943
46.2672 177.943
46.2701 177.911
46.4277 177.85
46.5565 179.85
46.5979 177.85
46.8872 179.85
46.9285 177.85
47.1093 177.821
47.2179 179.821
47.2592 177.821
47.4198 177.793
47.5486 179.793
47.5899 177.793
47.8793 179.793
47.9206 177.793
48.2099 179.793
48.2513 177.793
48.5406 179.793
48.5819 177.793
48.8713 179.793
48.9126 177.793
49.202 179.793
49.2433 177.793
49.5327 179.793
49.574 177.793
49.8633 179.793
49.9047 177.793
50.194 179.793
50.2354 177.793
50.5247 179.793
50.566 177.793
50.8554 179.793
50.8967 177.793
51.1861 179.793
51.2274 177.793
51.5167 179.793
51.5581 177.793
51.8474 179.793
51.8888 177.793
51.958 4
51.9589 6
51.9589 4
51.9599 6
51.9599 4
51.9608 6
51.9608 4
51.9618 6
51.9618 4
51.9628 6
51.9628 4
51.9637 6
51.9637 4
51.9647 6
51.9647 4
51.9657 6
51.9657 4
51.9666 6
51.9666 4
51.9676 6
51.9676 4
51.9685 6
51.9685 4
51.9695 6
51.9695 4
51.9705 6
51.9705 4
51.9714 6
51.9714 4
51.9724 6
51.9724 4
51.9733 6
51.9733 4
51.9743 6
51.9743 4
51.9753 6
51.9753 4
51.9762 6
51.9762 4
51.9772 6
51.9772 4
51.9782 6
51.9782 4
51.9791 6
51.9791 4
51.9801 6
51.9801 4
51.981 6
51.981 4
51.982 6
51.982 4
51.983 6
51.983 4
51.9839 6
51.9839 4
51.9849 6
51.9849 4
51.9858 6
51.9858 4
51.9868 6
51.9868 4
51.9878 6
51.9878 4
51.9887 6
51.9887 4
51.9897 6
51.9897 4
51.9906 6
51.9906 4
51.9916 6
51.9916 4
51.9926 6
51.9926 4
51.9935 6
51.9935 4
51.9945 6
51.9945 4
51.9955 6
51.9955 4
51.9964 6
51.9964 4
51.9974 6
51.9974 4
51.9983 6
51.9983 4
51.9993 6
51.9993 4
52.0003 6
52.0003 4
52.0012 6
52.0012 4
52.0022 6
52.0022 4
52.0031 6
52.0031 4
52.0041 6
52.0041 4
52.0051 6
52.0051 4
52.006 6
52.006 4
52.007 6
52.007 4
52.008 6
52.008 4
52.0089 6
52.0089 4
52.0099 6
52.0099 4
52.0108 6
52.0108 4
52.0118 6
52.0118 4
52.0128 6
52.0128 4
52.0137 6
52.0137 4
52.0147 6
52.0147 4
52.0156 6
52.0156 4
52.0166 6
52.0166 4
52.0176 6
52.0176 4
52.0185 6
52.0185 4
52.0195 6
52.0195 4
52.0204 6
52.0204 4
52.0214 6
52.0214 4
52.0224 6
52.0224 4
52.0233 6
52.0233 4
52.0243 6
52.0243 4
52.0253 6
52.0253 4
52.0262 6
52.0262 4
52.0272 6
52.0272 4
52.0281 6
52.0281 4
52.0291 6
52.0291 4
52.0301 6
52.0301 4
52.031 6
52.031 4
52.032 6
52.032 4
52.0715 6
52.0715 4
52.073 6
52.073 4
52.1125 6
52.1125 4
52.114 6
52.114 4
52.1536 6
52.1536 4
52.155 6
52.155 4
52.1946 6
52.1946 4
52.196 6
52.196 4
52.2356 249
52.2356 177.793
52.3179 179.793
52.3621 181.573
52.3717 179.573
52.6611 181.573
52.7024 179.573
52.8975 179.16
52.9918 181.16
53.0331 179.16
53.1129 178.886
53.3224 180.886
53.3638 178.886
53.4484 178.825
53.5628 178.652
53.6531 180.652
53.6945 178.652
53.8636 178.497
53.9838 180.497
54.0251 178.497
54.1732 178.449
54.2981 178.357
54.3145 180.357
54.3558 178.357
54.6259 178.271
54.6452 180.271
54.6865 178.271
54.897 178.23
54.9758 180.23
55.0172 178.23
55.1037 178.152
55.3065 180.152
55.3479 178.152
55.4469 178.078
55.6372 180.078
55.6785 178.078
55.7987 178.043
55.9679 180.043
56.0092 178.043
56.0111 177.975
56.2986 179.975
56.3399 177.975
56.4543 177.943
56.6292 179.943
56.6706 177.943
56.6735 177.911
56.8311 177.85
56.9599 179.85
57.0013 177.85
57.2906 179.85
57.3319 177.85
57.5127 177.821
57.6213 179.821
57.6626 177.821
57.8231 177.793
57.952 179.793
57.9933 177.793
58.2826 179.793
58.324 177.793
58.6133 179.793
58.6547 177.793
58.944 179.793
58.9853 177.793
59.2747 179.793
59.316 177.793
59.6054 179.793
59.6467 177.793
59.936 179.793
59.9774 177.793
60.2667 179.793
60.3081 177.793
60.5974 179.793
60.6387 177.793
60.9281 179.793
60.9694 177.793
61.2588 179.793
61.3001 177.793
61.5894 179.793
61.6308 177.793
61.9201 179.793
61.9615 177.793
62.2508 179.793
62.2921 177.793
62.3594 4
62.3604 6
62.3604 4
62.3614 6
62.3614 4
62.3623 6
62.3623 4
62.3633 6
62.3633 4
62.3642 6
62.3642 4
62.3652 6
62.3652 4
62.3662 6
62.3662 4
62.3671 6
62.3671 4
62.3681 6
62.3681 4
62.369 6
62.369 4
62.37 6
62.37 4
62.371 6
62.371 4
62.3719 6
62.3719 4
62.3729 6
62.3729 4
62.3738 6
62.3738 4
62.3748 6
62.3748 4
62.3758 6
62.3758 4
62.3767 6
62.3767 4
62.3777 6
62.3777 4
62.3787 6
62.3787 4
62.3796 6
62.3796 4
62.3806 6
62.3806 4
62.3815 6
62.3815 4
62.3825 6
62.3825 4
62.3835 6
62.3835 4
62.3844 6
62.3844 4
62.3854 6
62.3854 4
62.3863 6
62.3863 4
62.3873 6
62.3873 4
62.3883 6
62.3883 4
62.3892 6
62.3892 4
62.3902 6
62.3902 4
62.3912 6
62.3912 4
62.3921 6
62.3921 4
62.3931 6
62.3931 4
62.394 6
62.394 4
62.395 6
62.395 4
62.396 6
62.396 4
62.3969 6
62.3969 4
62.3979 6
62.3979 4
62.3988 6
62.3988 4
62.3998 6
62.3998 4
62.4008 6
62.4008 4
62.4017 6
62.4017 4
62.4027 6
62.4027 4
62.4036 6
62.4036 4
62.4046 6
62.4046 4
62.4056 6
62.4056 4
62.4065 6
62.4065 4
62.4075 6
62.4075 4
62.4085 6
62.4085 4
62.4094 6
62.4094 4
62.4104 6
62.4104 4
62.4113 6
62.4113 4
62.4123 6
62.4123 4
62.4133 6
62.4133 4
62.4142 6
62.4142 4
62.4152 6
62.4152 4
62.4161 6
62.4161 4
62.4171 6
62.4171 4
62.4181 6
62.4181 4
62.419 6
62.419 4
62.42 6
62.42 4
62.421 6
62.421 4
62.4219 6
62.4219 4
62.4229 6
62.4229 4
62.4238 6
62.4238 4
62.4248 6
62.4248 4
62.4258 6
62.4258 4
62.4267 6
62.4267 4
62.4277 6
62.4277 4
62.4286 6
62.4286 4
62.4296 6
62.4296 4
62.4306 6
62.4306 4
62.4315 6
62.4315 4
62.4325 6
62.4325 4
62.4334 6
62.4334 4
62.473 6
62.473 4
62.4745 6
62.4745 4
62.514 6
62.514 4
62.5155 6
62.5155 4
62.555 6
62.555 4
62.5565 6
62.5565 4
62.596 6
62.596 4
62.5975 6
62.5975 4
62.637 249
62.637 177.793
62.802 177.606
62.8453 179.606
62.8463 181.573
62.8578 179.573
63.1471 181.573
63.1885 179.573
63.3807 179.16
63.4778 181.16
63.5191 179.16
63.596 178.886
63.8085 180.886
63.8498 178.886
63.9315 178.825
64.0459 178.652
64.1392 180.652
64.1805 178.652
64.3449 178.497
64.4699 180.497
64.5112 178.497
64.6554 178.449
64.7803 178.357
64.8005 180.357
64.8419 178.357
65.1081 178.271
65.1312 180.271
65.1725 178.271
65.3802 178.23
65.4619 180.23
65.5032 178.23
65.5878 178.152
65.7926 180.152
65.8339 178.152
65.932 178.078
66.1233 180.078
66.1646 178.078
66.2838 178.043
66.4539 180.043
66.4953 177.975
66.7846 179.975
66.8259 177.975
66.9394 177.943
67.1153 179.943
67.1566 177.943
67.2422 177.911
67.3162 177.85
67.446 179.85
67.4873 177.85
67.7767 179.85
67.818 177.85
67.9968 177.821
68.1073 179.821
68.1487 177.821
68.3082 177.793
68.438 179.793
68.4794 177.793
68.7687 179.793
68.81 177.793
69.0994 179.793
69.1407 177.793
69.4301 179.793
69.4714 177.793
69.7607 179.793
69.8021 177.793
70.0914 179.793
70.1328 177.793
70.4221 179.793
70.4634 177.793
70.7528 179.793
70.7941 177.793
71.0835 179.793
71.1248 177.793
71.4141 179.793
71.4555 177.793
71.7448 179.793
71.7862 177.793
72.0755 179.793
72.1168 177.793
72.4062 179.793
72.4475 177.793
72.7369 179.793
72.7782 177.793
72.8416 175.686
72.8416 4
72.8426 6
72.8426 4
72.8436 6
72.8436 4
72.8445 6
72.8445 4
72.8455 6
72.8455 4
72.8464 6
72.8464 4
72.8474 6
72.8474 4
72.8484 6
72.8484 4
72.8493 6
72.8493 4
72.8503 6
72.8503 4
72.8513 6
72.8513 4
72.8522 6
72.8522 4
72.8532 6
72.8532 4
72.8541 6
72.8541 4
72.8551 6
72.8551 4
72.8561 6
72.8561 4
72.857 6
72.857 4
72.858 6
72.858 4
72.8589 6
72.8589 4
72.8599 6
72.8599 4
72.8609 6
72.8609 4
72.8618 6
72.8618 4
72.8628 6
72.8628 4
72.8637 6
72.8637 4
72.8647 6
72.8647 4
72.8657 6
72.8657 4
72.8666 6
72.8666 4
72.8676 6
72.8676 4
72.8686 6
72.8686 4
72.8695 6
72.8695 4
72.8705 6
72.8705 4
72.8714 6
72.8714 4
72.8724 6
72.8724 4
72.8734 6
72.8734 4
72.8743 6
72.8743 4
72.8753 6
72.8753 4
72.8762 6
72.8762 4
72.8772 6
72.8772 4
72.8782 6
72.8782 4
72.8791 6
72.8791 4
72.8801 6
72.8801 4
72.8811 6
72.8811 4
72.882 6
72.882 4
72.883 6
72.883 4
72.8839 6
72.8839 4
72.8849 6
72.8849 4
72.8859 6
72.8859 4
72.8868 6
72.8868 4
72.8878 6
72.8878 4
72.8887 6
72.8887 4
72.8897 6
72.8897 4
72.8907 6
72.8907 4
72.8916 6
72.8916 4
72.8926 6
72.8926 4
72.8935 6
72.8935 4
72.8945 6
72.8945 4
72.8955 6
72.8955 4
72.8964 6
72.8964 4
72.8974 6
72.8974 4
72.8984 6
72.8984 4
72.8993 6
72.8993 4
72.9003 6
72.9003 4
72.9012 6
72.9012 4
72.9022 6
72.9022 4
72.9032 6
72.9032 4
72.9041 6
72.9041 4
72.9051 6
72.9051 4
72.906 6
72.906 4
72.907 6
72.907 4
72.908 6
72.908 4
72.9089 6
72.9089 4
72.9099 6
72.9099 4
72.9109 6
72.9109 4
72.9118 6
72.9118 4
72.9128 6
72.9128 4
72.9137 6
72.9137 4
72.9147 6
72.9147 4
72.9157 6
72.9157 4
72.9552 6
72.9552 4
72.9567 6
72.9567 4
72.9962 6
72.9962 4
72.9977 6
72.9977 4
73.0372 6
73.0372 4
73.0387 6
73.0387 4
73.0782 6
73.0782 4
73.0797 6
73.0797 4
73.1192 249
73.1192 177.793
73.2842 177.606
73.3275 179.606
73.3285 181.573
73.34 179.573
73.6293 181.573
73.6707 179.573
73.8629 179.16
73.96 181.16
74.0014 179.16
74.0783 178.886
74.2907 180.886
74.332 178.886
74.4137 178.825
74.5281 178.652
74.6214 180.652
74.6627 178.652
74.8271 178.497
74.9521 180.497
74.9934 178.497
75.1376 178.449
75.2626 178.357
75.2827 180.357
75.3241 178.357
75.5904 178.271
75.6134 180.271
75.6548 178.271
75.8624 178.23
75.9441 180.23
75.9854 178.23
76.07 178.152
76.2748 180.152
76.3161 178.152
76.4142 178.078
76.6055 180.078
76.6468 178.078
76.766 178.043
76.9361 180.043
76.9775 177.975
77.2668 179.975
77.3082 177.975
77.4216 177.943
77.5975 179.943
77.6388 177.943
77.7244 177.911
77.7984 177.85
77.9282 179.85
77.9695 177.85
78.2589 179.85
78.3002 177.85
78.479 177.821
78.5895 179.821
78.6309 177.821
78.7905 177.793
78.9202 179.793
78.9616 177.793
79.2509 179.793
79.2922 177.793
79.5816 179.793
79.6229 177.793
79.9123 179.793
79.9536 177.793
80.2429 179.793
80.2843 177.793
80.5736 179.793
80.615 177.793
80.9043 179.793
80.9456 177.793
81.235 179.793
81.2763 177.793
81.5657 179.793
81.607 177.793
81.8963 179.793
81.9377 177.793
82.227 179.793
82.2684 177.793
82.5577 179.793
82.599 177.793
82.8884 179.793
82.9297 177.793
83.2191 179.793
83.2604 177.793
83.3258 4
83.3267 6
83.3267 4
83.3277 6
83.3277 4
83.3287 6
83.3287 4
83.3296 6
83.3296 4
83.3306 6
83.3306 4
83.3315 6
83.3315 4
83.3325 6
83.3325 4
83.3335 6
83.3335 4
83.3344 6
83.3344 4
83.3354 6
83.3354 4
83.3363 6
83.3363 4
83.3373 6
83.3373 4
83.3383 6
83.3383 4
83.3392 6
83.3392 4
83.3402 6
83.3402 4
83.3412 6
83.3412 4
83.3421 6
83.3421 4
83.3431 6
83.3431 4
83.344 6
83.344 4
83.345 6
83.345 4
83.346 6
83.346 4
83.3469 6
83.3469 4
83.3479 6
83.3479 4
83.3488 6
83.3488 4
83.3498 6
83.3498 4
83.3508 6
83.3508 4
83.3517 6
83.3517 4
83.3527 6
83.3527 4
83.3536 6
83.3536 4
83.3546 6
83.3546 4
83.3556 6
83.3556 4
83.3565 6
83.3565 4
83.3575 6
83.3575 4
83.3585 6
83.3585 4
83.3594 6
83.3594 4
83.3604 6
83.3604 4
83.3613 6
83.3613 4
83.3623 6
83.3623 4
83.3633 6
83.3633 4
83.3642 6
83.3642 4
83.3652 6
83.3652 4
83.3661 6
83.3661 4
83.3671 6
83.3671 4
83.3681 6
83.3681 4
83.369 6
83.369 4
83.37 6
83.37 4
83.371 6
83.371 4
83.3719 6
83.3719 4
83.3729 6
83.3729 4
83.3738 6
83.3738 4
83.3748 6
83.3748 4
83.3758 6
83.3758 4
83.3767 6
83.3767 4
83.3777 6
83.3777 4
83.3786 6
83.3786 4
83.3796 6
83.3796 4
83.3806 6
83.3806 4
83.3815 6
83.3815 4
83.3825 6
83.3825 4
83.3834 6
83.3834 4
83.3844 6
83.3844 4
83.3854 6
83.3854 4
83.3863 6
83.3863 4
83.3873 6
83.3873 4
83.3883 6
83.3883 4
83.3892 6
83.3892 4
83.3902 6
83.3902 4
83.3911 6
83.3911 4
83.3921 6
83.3921 4
83.3931 6
83.3931 4
83.394 6
83.394 4
83.395 6
83.395 4
83.3959 6
83.3959 4
83.3969 6
83.3969 4
83.3979 6
83.3979 4
83.3988 6
83.3988 4
83.3998 6
83.3998 4
83.4394 6
83.4394 4
83.4408 6
83.4408 4
83.4804 6
83.4804 4
83.4818 6
83.4818 4
83.5214 6
83.5214 4
83.5228 6
83.5228 4
83.5624 6
83.5624 4
83.5638 6
83.5638 4
83.6034 249
83.6034 177.793
83.7684 177.606
83.8116 179.606
83.8126 181.573
83.8241 179.573
84.1135 181.573
84.1548 179.573
84.3471 179.16
84.4442 181.16
84.4855 179.16
84.5624 178.886
84.7748 180.886
84.8162 178.886
84.8979 178.825
85.0123 178.652
85.1055 180.652
85.1469 178.652
85.3112 178.497
85.4362 180.497
85.4775 178.497
85.6217 178.449
85.7467 178.357
85.7669 180.357
85.8082 178.357
86.0745 178.271
86.0976 180.271
86.1389 178.271
86.3465 178.23
86.4282 180.23
86.4696 178.23
86.5542 178.152
86.7589 180.152
86.8003 178.152
86.8983 178.078
87.0896 180.078
87.1309 178.078
87.2501 178.043
87.4203 180.043
87.4616 177.975
87.751 179.975
87.7923 177.975
87.9057 177.943
88.0816 179.943
88.123 177.943
88.2085 177.911
88.2825 177.85
88.4123 179.85
88.4537 177.85
88.743 179.85
88.7843 177.85
88.9631 177.821
89.0737 179.821
89.115 177.821
89.2746 177.793
89.4044 179.793
89.4457 177.793
89.735 179.793
89.7764 177.793
90.0657 179.793
90.1071 177.793
90.3964 179.793
90.4377 177.793
90.7271 179.793
90.7684 177.793
91.0578 179.793
91.0991 177.793
91.3884 179.793
91.4298 177.793
91.7191 179.793
91.7605 177.793
92.0498 179.793
92.0911 177.793
92.3805 179.793
92.4218 177.793
92.7112 179.793
92.7525 177.793
93.0418 179.793
93.0832 177.793
93.3725 179.793
93.4139 177.793
93.7032 179.793
93.7445 177.793
93.8109 4
93.8118 6
93.8118 4
93.8128 6
93.8128 4
93.8138 6
93.8138 4
93.8147 6
93.8147 4
93.8157 6
93.8157 4
93.8166 6
93.8166 4
93.8176 6
93.8176 4
93.8186 6
93.8186 4
93.8195 6
93.8195 4
93.8205 6
93.8205 4
93.8214 6
93.8214 4
93.8224 6
93.8224 4
93.8234 6
93.8234 4
93.8243 6
93.8243 4
93.8253 6
93.8253 4
93.8262 6
93.8262 4
93.8272 6
93.8272 4
93.8282 6
93.8282 4
93.8291 6
93.8291 4
93.8301 6
93.8301 4
93.8311 6
93.8311 4
93.832 6
93.832 4
93.833 6
93.833 4
93.8339 6
93.8339 4
93.8349 6
93.8349 4
93.8359 6
93.8359 4
93.8368 6
93.8368 4
93.8378 6
93.8378 4
93.8387 6
93.8387 4
93.8397 6
93.8397 4
93.8407 6
93.8407 4
93.8416 6
93.8416 4
93.8426 6
93.8426 4
93.8436 6
93.8436 4
93.8445 6
93.8445 4
93.8455 6
93.8455 4
93.8464 6
93.8464 4
93.8474 6
93.8474 4
93.8484 6
93.8484 4
93.8493 6
93.8493 4
93.8503 6
93.8503 4
93.8512 6
93.8512 4
93.8522 6
93.8522 4
93.8532 6
93.8532 4
93.8541 6
93.8541 4
93.8551 6
93.8551 4
93.856 6
93.856 4
93.857 6
93.857 4
93.858 6
93.858 4
93.8589 6
93.8589 4
93.8599 6
93.8599 4
93.8609 6
93.8609 4
93.8618 6
93.8618 4
93.8628 6
93.8628 4
93.8637 6
93.8637 4
93.8647 6
93.8647 4
93.8657 6
93.8657 4
93.8666 6
93.8666 4
93.8676 6
93.8676 4
93.8685 6
93.8685 4
93.8695 6
93.8695 4
93.8705 6
93.8705 4
93.8714 6
93.8714 4
93.8724 6
93.8724 4
93.8734 6
93.8734 4
93.8743 6
93.8743 4
93.8753 6
93.8753 4
93.8762 6
93.8762 4
93.8772 6
93.8772 4
93.8782 6
93.8782 4
93.8791 6
93.8791 4
93.8801 6
93.8801 4
93.881 6
93.881 4
93.882 6
93.882 4
93.883 6
93.883 4
93.8839 6
93.8839 4
93.8849 6
93.8849 4
93.9244 6
93.9244 4
93.9259 6
93.9259 4
93.9655 6
93.9655 4
93.9669 6
93.9669 4
94.0065 6
94.0065 4
94.0079 6
94.0079 4
94.0475 6
94.0475 4
94.0489 6
94.0489 4
94.0885 249
94.0885 177.793
94.2121 179.793
94.2535 177.606
94.2564 179.606
94.2573 181.573
94.266 179.573
94.5553 181.573
94.5966 179.573
94.7927 179.16
94.886 181.16
94.9273 179.16
95.009 178.886
95.2167 180.886
95.258 178.886
95.3436 178.825
95.4003 178.652
95.5474 180.652
95.5887 178.652
95.755 178.497
95.878 180.497
95.9194 178.497
96.126 178.357
96.2087 180.357
96.25 178.357
96.5154 178.271
96.5394 180.271
96.5807 178.271
96.8518 178.115
96.8701 180.115
96.9114 178.115
97.2008 180.115
97.2421 178.115
97.5314 180.115
97.5439 180.043
97.5728 178.043
97.8621 180.043
97.9035 178.043
97.9765 177.975
98.1928 179.975
98.2341 177.975
98.3379 177.911
98.5235 179.911
98.5648 177.911
98.8542 179.911
98.8955 177.911
98.9339 177.881
99.1848 179.881
99.2262 177.881
99.2339 177.793
99.5155 179.793
99.5569 177.793
99.8462 179.793
99.8875 177.793
100.177 179.793
100.218 177.793
100.508 179.793
100.549 177.793
100.838 179.793
100.88 177.793
101.169 179.793
101.21 177.793
101.5 179.793
101.541 177.793
101.83 179.793
101.872 177.793
102.161 179.793
102.202 177.793
102.492 179.793
102.533 177.793
102.822 179.793
102.864 177.793
103.153 179.793
103.194 177.793
103.484 179.793
103.525 177.793
103.814 179.793
103.856 177.793
104.145 179.793
104.186 177.793
104.254 4
104.255 6
104.255 4
104.256 6
104.256 4
104.257 6
104.257 4
104.258 6
104.258 4
104.258 6
104.258 4
104.259 6
104.259 4
104.26 6
104.26 4
104.261 6
104.261 4
104.262 6
104.262 4
104.263 6
104.263 4
104.264 6
104.264 4
104.265 6
104.265 4
104.266 6
104.266 4
104.267 6
104.267 4
104.268 6
104.268 4
104.269 6
104.269 4
104.27 6
104.27 4
104.271 6
104.271 4
104.272 6
104.272 4
104.273 6
104.273 4
104.274 6
104.274 4
104.275 6
104.275 4
104.276 6
104.276 4
104.277 6
104.277 4
104.278 6
104.278 4
104.279 6
104.279 4
104.28 6
104.28 4
104.281 6
104.281 4
104.282 6
104.282 4
104.283 6
104.283 4
104.283 6
104.283 4
104.284 6
104.284 4
104.285 6
104.285 4
104.286 6
104.286 4
104.287 6
104.287 4
104.288 6
104.288 4
104.289 6
104.289 4
104.29 6
104.29 4
104.291 6
104.291 4
104.292 6
104.292 4
104.293 6
104.293 4
104.294 6
104.294 4
104.295 6
104.295 4
104.296 6
104.296 4
104.297 6
104.297 4
104.298 6
104.298 4
104.299 6
104.299 4
104.3 6
104.3 4
104.301 6
104.301 4
104.302 6
104.302 4
104.303 6
104.303 4
104.304 6
104.304 4
104.305 6
104.305 4
104.306 6
104.306 4
104.307 6
104.307 4
104.307 6
104.307 4
104.308 6
104.308 4
104.309 6
104.309 4
104.31 6
104.31 4
104.311 6
104.311 4
104.312 6
104.312 4
104.313 6
104.313 4
104.314 6
104.314 4
104.315 6
104.315 4
104.316 6
104.316 4
104.317 6
104.317 4
104.318 6
104.318 4
104.319 6
104.319 4
104.32 6
104.32 4
104.321 6
104.321 4
104.322 6
104.322 4
104.323 6
104.323 4
104.324 6
104.324 4
104.325 6
104.325 4
104.326 6
104.326 4
104.327 6
104.327 4
104.328 6
104.328 4
104.367 6
104.367 4
104.369 6
104.369 4
104.408 6
104.408 4
104.41 6
104.41 4
104.449 6
104.449 4
104.451 6
104.451 4
104.49 6
104.49 4
104.492 6
104.492 4
104.531 249
104.531 177.793
104.696 177.606
104.74 179.606
104.74 181.573
104.752 179.573
105.041 181.573
105.083 179.573
105.275 179.16
105.372 181.16
105.413 179.16
105.49 178.886
105.703 180.886
105.744 178.886
105.826 178.825
105.94 178.652
106.033 180.652
106.075 178.652
106.239 178.497
106.364 180.497
106.405 178.497
106.55 178.449
106.675 178.357
106.695 180.357
106.736 178.357
107.002 178.271
107.025 180.271
107.067 178.271
107.274 178.23
107.356 180.23
107.397 178.23
107.482 178.152
107.687 180.152
107.728 178.152
107.826 178.078
108.017 180.078
108.059 178.078
108.178 178.043
108.348 180.043
108.39 177.975
108.679 179.975
108.72 177.975
108.834 177.943
109.01 179.943
109.051 177.943
109.136 177.911
109.21 177.85
109.34 179.85
109.382 177.85
109.671 179.85
109.712 177.85
109.891 177.821
110.002 179.821
110.043 177.821
110.202 177.793
110.332 179.793
110.374 177.793
110.663 179.793
110.704 177.793
110.994 179.793
111.035 177.793
111.324 179.793
111.366 177.793
111.655 179.793
111.696 177.793
111.986 179.793
112.027 177.793
112.316 179.793
112.358 177.793
112.647 179.793
112.688 177.793
112.978 179.793
113.019 177.793
113.308 179.793
113.35 177.793
113.639 179.793
113.68 177.793
113.97 179.793
114.011 177.793
114.3 179.793
114.342 177.793
114.631 179.793
114.672 177.793
114.739 4
114.74 6
114.74 4
114.741 6
114.741 4
114.742 6
114.742 4
114.743 6
114.743 4
114.744 6
114.744 4
114.745 6
114.745 4
114.745 6
114.745 4
114.746 6
114.746 4
114.747 6
114.747 4
114.748 6
114.748 4
114.749 6
114.749 4
114.75 6
114.75 4
114.751 6
114.751 4
114.752 6
114.752 4
114.753 6
114.753 4
114.754 6
114.754 4
114.755 6
114.755 4
114.756 6
114.756 4
114.757 6
114.757 4
114.758 6
114.758 4
114.759 6
114.759 4
114.76 6
114.76 4
114.761 6
114.761 4
114.762 6
114.762 4
114.763 6
114.763 4
114.764 6
114.764 4
114.765 6
114.765 4
114.766 6
114.766 4
114.767 6
114.767 4
114.768 6
114.768 4
114.769 6
114.769 4
114.77 6
114.77 4
114.77 6
114.77 4
114.771 6
114.771 4
114.772 6
114.772 4
114.773 6
114.773 4
114.774 6
114.774 4
114.775 6
114.775 4
114.776 6
114.776 4
114.777 6
114.777 4
114.778 6
114.778 4
114.779 6
114.779 4
114.78 6
114.78 4
114.781 6
114.781 4
114.782 6
114.782 4
114.783 6
114.783 4
114.784 6
114.784 4
114.785 6
114.785 4
114.786 6
114.786 4
114.787 6
114.787 4
114.788 6
114.788 4
114.789 6
114.789 4
114.79 6
114.79 4
114.791 6
114.791 4
114.792 6
114.792 4
114.793 6
114.793 4
114.794 6
114.794 4
114.795 6
114.795 4
114.795 6
114.795 4
114.796 6
114.796 4
114.797 6
114.797 4
114.798 6
114.798 4
114.799 6
114.799 4
114.8 6
114.8 4
114.801 6
114.801 4
114.802 6
114.802 4
114.803 6
114.803 4
114.804 6
114.804 4
114.805 6
114.805 4
114.806 6
114.806 4
114.807 6
114.807 4
114.808 6
114.808 4
114.809 6
114.809 4
114.81 6
114.81 4
114.811 6
114.811 4
114.812 6
114.812 4
114.813 6
114.813 4
114.852 6
114.852 4
114.854 6
114.854 4
114.893 6
114.893 4
114.895 6
114.895 4
114.934 6
114.934 4
114.936 6
114.936 4
114.975 6
114.975 4
114.977 6
114.977 4
115.016 249
115.016 177.793
115.099 179.793
115.143 181.573
115.153 179.573
115.442 181.573
115.483 179.573
115.678 179.16
115.773 181.16
115.814 179.16
115.894 178.886
116.103 180.886
116.145 178.886
116.229 178.825
116.344 178.652
116.434 180.652
116.475 178.652
116.644 178.497
116.765 180.497
116.806 178.497
116.954 178.449
117.079 178.357
117.095 180.357
117.137 178.357
117.407 178.271
117.426 180.271
117.467 178.271
117.678 178.23
117.757 180.23
117.798 178.23
117.884 178.152
118.087 180.152
118.129 178.152
118.228 178.078
118.418 180.078
118.459 178.078
118.579 178.043
118.749 180.043
118.79 178.043
118.792 177.975
119.079 179.975
119.121 177.975
119.235 177.943
119.41 179.943
119.451 177.943
119.454 177.911
119.612 177.85
119.741 179.85
119.782 177.85
120.071 179.85
120.113 177.85
120.293 177.821
120.402 179.821
120.443 177.821
120.604 177.793
120.733 179.793
120.774 177.793
121.063 179.793
121.105 177.793
121.394 179.793
121.435 177.793
121.725 179.793
121.766 177.793
122.055 179.793
122.097 177.793
122.386 179.793
122.427 177.793
122.717 179.793
122.758 177.793
123.048 179.793
123.089 177.793
123.378 179.793
123.42 177.793
123.709 179.793
123.75 177.793
124.04 179.793
124.081 177.793
124.37 179.793
124.412 177.793
124.701 179.793
124.742 177.793
125.032 179.793
125.073 177.793
125.143 179.793
125.143 4
125.144 6
125.144 4
125.145 6
125.145 4
125.146 6
125.146 4
125.147 6
125.147 4
125.148 6
125.148 4
125.149 6
125.149 4
125.15 6
125.15 4
125.151 6
125.151 4
125.152 6
125.152 4
125.153 6
125.153 4
125.154 6
125.154 4
125.155 6
125.155 4
125.156 6
125.156 4
125.157 6
125.157 4
125.158 6
125.158 4
125.158 6
125.158 4
125.159 6
125.159 4
125.16 6
125.16 4
125.161 6
125.161 4
125.162 6
125.162 4
125.163 6
125.163 4
125.164 6
125.164 4
125.165 6
125.165 4
125.166 6
125.166 4
125.167 6
125.167 4
125.168 6
125.168 4
125.169 6
125.169 4
125.17 6
125.17 4
125.171 6
125.171 4
125.172 6
125.172 4
125.173 6
125.173 4
125.174 6
125.174 4
125.175 6
125.175 4
125.176 6
125.176 4
125.177 6
125.177 4
125.178 6
125.178 4
125.179 6
125.179 4
125.18 6
125.18 4
125.181 6
125.181 4
125.182 6
125.182 4
125.183 6
125.183 4
125.183 6
125.183 4
125.184 6
125.184 4
125.185 6
125.185 4
125.186 6
125.186 4
125.187 6
125.187 4
125.188 6
125.188 4
125.189 6
125.189 4
125.19 6
125.19 4
125.191 6
125.191 4
125.192 6
125.192 4
125.193 6
125.193 4
125.194 6
125.194 4
125.195 6
125.195 4
125.196 6
125.196 4
125.197 6
125.197 4
125.198 6
125.198 4
125.199 6
125.199 4
125.2 6
125.2 4
125.201 6
125.201 4
125.202 6
125.202 4
125.203 6
125.203 4
125.204 6
125.204 4
125.205 6
125.205 4
125.206 6
125.206 4
125.207 6
125.207 4
125.208 6
125.208 4
125.208 6
125.208 4
125.209 6
125.209 4
125.21 6
125.21 4
125.211 6
125.211 4
125.212 6
125.212 4
125.213 6
125.213 4
125.214 6
125.214 4
125.215 6
125.215 4
125.216 6
125.216 4
125.217 6
125.217 4
125.257 6
125.257 4
125.258 6
125.258 4
125.298 6
125.298 4
125.299 6
125.299 4
125.339 6
125.339 4
125.34 6
125.34 4
125.38 6
125.38 4
125.381 6
125.381 4
125.421 249
125.421 177.793
125.586 177.606
125.629 179.606
125.63 181.573
125.641 179.573
125.931 181.573
125.972 179.573
126.164 179.16
126.261 181.16
126.303 179.16
126.38 178.886
126.592 180.886
126.634 178.886
126.715 178.825
126.83 178.652
126.923 180.652
126.964 178.652
127.129 178.497
127.254 180.497
127.295 178.497
127.439 178.449
127.564 178.357
127.584 180.357
127.626 178.357
127.892 178.271
127.915 180.271
127.956 178.271
128.164 178.23
128.246 180.23
128.287 178.23
128.371 178.152
128.576 180.152
128.618 178.152
128.716 178.078
128.907 180.078
128.948 178.078
129.067 178.043
129.238 180.043
129.279 177.975
129.568 179.975
129.61 177.975
129.723 177.943
129.899 179.943
129.94 177.943
130.026 177.911
130.1 177.85
130.23 179.85
130.271 177.85
130.56 179.85
130.602 177.85
130.78 177.821
130.891 179.821
130.932 177.821
131.092 177.793
131.222 179.793
131.263 177.793
131.552 179.793
131.594 177.793
131.883 179.793
131.924 177.793
132.214 179.793
132.255 177.793
132.544 179.793
132.586 177.793
132.875 179.793
132.916 177.793
133.206 179.793
133.247 177.793
133.536 179.793
133.578 177.793
133.867 179.793
133.908 177.793
134.198 179.793
134.239 177.793
134.528 179.793
134.57 177.793
134.859 179.793
134.901 177.793
135.19 179.793
135.231 177.793
135.521 179.793
135.562 177.793
135.63 179.793
135.63 4
135.631 6
135.631 4
135.632 6
135.632 4
135.633 6
135.633 4
135.634 6
135.634 4
135.635 6
135.635 4
135.636 6
135.636 4
135.637 6
135.637 4
135.638 6
135.638 4
135.639 6
135.639 4
135.64 6
135.64 4
135.641 6
135.641 4
135.642 6
135.642 4
135.643 6
135.643 4
135.644 6
135.644 4
135.645 6
135.645 4
135.646 6
135.646 4
135.646 6
135.646 4
135.647 6
135.647 4
135.648 6
135.648 4
135.649 6
135.649 4
135.65 6
135.65 4
135.651 6
135.651 4
135.652 6
135.652 4
135.653 6
135.653 4
135.654 6
135.654 4
135.655 6
135.655 4
135.656 6
135.656 4
135.657 6
135.657 4
135.658 6
135.658 4
135.659 6
135.659 4
135.66 6
135.66 4
135.661 6
135.661 4
135.662 6
135.662 4
135.663 6
135.663 4
135.664 6
135.664 4
135.665 6
135.665 4
135.666 6
135.666 4
135.667 6
135.667 4
135.668 6
135.668 4
135.669 6
135.669 4
135.67 6
135.67 4
135.67 6
135.67 4
135.671 6
135.671 4
135.672 6
135.672 4
135.673 6
135.673 4
135.674 6
135.674 4
135.675 6
135.675 4
135.676 6
135.676 4
135.677 6
135.677 4
135.678 6
135.678 4
135.679 6
135.679 4
135.68 6
135.68 4
135.681 6
135.681 4
135.682 6
135.682 4
135.683 6
135.683 4
135.684 6
135.684 4
135.685 6
135.685 4
135.686 6
135.686 4
135.687 6
135.687 4
135.688 6
135.688 4
135.689 6
135.689 4
135.69 6
135.69 4
135.691 6
135.691 4
135.692 6
135.692 4
135.693 6
135.693 4
135.694 6
135.694 4
135.695 6
135.695 4
135.695 6
135.695 4
135.696 6
135.696 4
135.697 6
135.697 4
135.698 6
135.698 4
135.699 6
135.699 4
135.7 6
135.7 4
135.701 6
135.701 4
135.702 6
135.702 4
135.703 6
135.703 4
135.704 6
135.704 4
135.744 6
135.744 4
135.745 6
135.745 4
135.785 6
135.785 4
135.786 6
135.786 4
135.826 6
135.826 4
135.827 6
135.827 4
135.867 6
135.867 4
135.868 6
135.868 4
135.908 249
135.908 177.793
135.949 179.793
136 177.793
136.046 178.765
136.205 179.314
136.289 181.314
136.33 179.314
136.62 181.314
136.661 179.314
136.713 179.16
136.868 178.951
136.95 180.951
136.992 178.951
137.196 178.765
137.281 180.765
137.322 178.765
137.486 178.599
137.612 180.599
137.653 178.599
137.849 178.449
137.942 180.449
137.984 178.449
138.229 178.314
138.273 180.314
138.314 178.314
138.604 180.314
138.619 180.191
138.645 178.191
138.934 180.191
138.976 178.191
139.027 178.115
139.265 180.115
139.306 178.115
139.376 178.008
139.596 180.008
139.637 178.008
139.926 180.008
139.968 178.008
140.089 177.975
140.257 179.975
140.299 177.975
140.387 177.881
140.588 179.881
140.629 177.881
140.919 179.881
140.96 177.881
141.136 177.85
141.249 179.85
141.291 177.85
141.445 177.793
141.58 179.793
141.621 177.793
141.911 179.793
141.952 177.793
142.241 179.793
142.283 177.793
142.572 179.793
142.613 177.793
142.903 179.793
142.944 177.793
143.233 179.793
143.275 177.793
143.564 179.793
143.605 177.793
143.895 179.793
143.936 177.793
144.225 179.793
144.267 177.793
144.556 179.793
144.597 177.793
144.887 179.793
144.928 177.793
145.217 179.793
145.259 177.793
145.548 179.793
145.589 177.793
145.879 179.793
145.92 177.793
145.994 179.793
145.994 4
145.995 6
145.995 4
145.996 6
145.996 4
145.997 6
145.997 4
145.998 6
145.998 4
145.999 6
145.999 4
146 6
146 4
146.001 6
146.001 4
146.002 6
146.002 4
146.003 6
146.003 4
146.004 6
146.004 4
146.005 6
146.005 4
146.006 6
146.006 4
146.007 6
146.007 4
146.008 6
146.008 4
146.009 6
146.009 4
146.009 6
146.009 4
146.01 6
146.01 4
146.011 6
146.011 4
146.012 6
146.012 4
146.013 6
146.013 4
146.014 6
146.014 4
146.015 6
146.015 4
146.016 6
146.016 4
146.017 6
146.017 4
146.018 6
146.018 4
146.019 6
146.019 4
146.02 6
146.02 4
146.021 6
146.021 4
146.022 6
146.022 4
146.023 6
146.023 4
146.024 6
146.024 4
146.025 6
146.025 4
146.026 6
146.026 4
146.027 6
146.027 4
146.028 6
146.028 4
146.029 6
146.029 4
146.03 6
146.03 4
146.031 6
146.031 4
146.032 6
146.032 4
146.033 6
146.033 4
146.034 6
146.034 4
146.034 6
146.034 4
146.035 6
146.035 4
146.036 6
146.036 4
146.037 6
146.037 4
146.038 6
146.038 4
146.039 6
146.039 4
146.04 6
146.04 4
146.041 6
146.041 4
146.042 6
146.042 4
146.043 6
146.043 4
146.044 6
146.044 4
146.045 6
146.045 4
146.046 6
146.046 4
146.047 6
146.047 4
146.048 6
146.048 4
146.049 6
146.049 4
146.05 6
146.05 4
146.051 6
146.051 4
146.052 6
146.052 4
146.053 6
146.053 4
146.054 6
146.054 4
146.055 6
146.055 4
146.056 6
146.056 4
146.057 6
146.057 4
146.058 6
146.058 4
146.059 6
146.059 4
146.059 6
146.059 4
146.06 6
146.06 4
146.061 6
146.061 4
146.062 6
146.062 4
146.063 6
146.063 4
146.064 6
146.064 4
146.065 6
146.065 4
146.066 6
146.066 4
146.067 6
146.067 4
146.068 6
146.068 4
146.108 6
146.108 4
146.109 6
146.109 4
146.149 6
146.149 4
146.15 6
146.15 4
146.19 6
146.19 4
146.191 6
146.191 4
146.231 6
146.231 4
146.232 6
146.232 4
146.272 249
146.272 177.793
146.313 179.793
146.364 177.793
146.41 178.765
146.569 179.314
146.653 181.314
146.694 179.314
146.984 181.314
147.025 179.314
147.077 179.16
147.232 178.951
147.314 180.951
147.356 178.951
147.56 178.765
147.645 180.765
147.686 178.765
147.85 178.599
147.976 180.599
148.017 178.599
148.213 178.449
148.306 180.449
148.348 178.449
148.593 178.314
148.637 180.314
148.678 178.314
148.968 180.314
148.983 180.191
149.009 178.191
149.298 180.191
149.34 178.191
149.391 178.115
149.629 180.115
149.67 178.115
149.74 178.008
149.96 180.008
150.001 178.008
150.29 180.008
150.332 178.008
150.453 177.975
150.621 179.975
150.662 177.975
150.751 177.881
150.952 179.881
150.993 177.881
151.283 179.881
151.324 177.881
151.5 177.85
151.613 179.85
151.655 177.85
151.809 177.793
151.944 179.793
151.985 177.793
152.275 179.793
152.316 177.793
152.605 179.793
152.647 177.793
152.936 179.793
152.977 177.793
153.267 179.793
153.308 177.793
153.597 179.793
153.639 177.793
153.928 179.793
153.969 177.793
154.259 179.793
154.3 177.793
154.589 179.793
154.631 177.793
154.92 179.793
154.961 177.793
155.251 179.793
155.292 177.793
155.581 179.793
155.623 177.793
155.912 179.793
155.953 177.793
156.243 179.793
156.284 177.793
156.357 179.793
156.357 4
156.358 6
156.358 4
156.359 6
156.359 4
156.36 6
156.36 4
156.361 6
156.361 4
156.362 6
156.362 4
156.363 6
156.363 4
156.364 6
156.364 4
156.365 6
156.365 4
156.366 6
156.366 4
156.367 6
156.367 4
156.368 6
156.368 4
156.369 6
156.369 4
156.37 6
156.37 4
156.371 6
156.371 4
156.372 6
156.372 4
156.372 6
156.372 4
156.373 6
156.373 4
156.374 6
156.374 4
156.375 6
156.375 4
156.376 6
156.376 4
156.377 6
156.377 4
156.378 6
156.378 4
156.379 6
156.379 4
156.38 6
156.38 4
156.381 6
156.381 4
156.382 6
156.382 4
156.383 6
156.383 4
156.384 6
156.384 4
156.385 6
156.385 4
156.386 6
156.386 4
156.387 6
156.387 4
156.388 6
156.388 4
156.389 6
156.389 4
156.39 6
156.39 4
156.391 6
156.391 4
156.392 6
156.392 4
156.393 6
156.393 4
156.394 6
156.394 4
156.395 6
156.395 4
156.396 6
156.396 4
156.397 6
156.397 4
156.397 6
156.397 4
156.398 6
156.398 4
156.399 6
156.399 4
156.4 6
156.4 4
156.401 6
156.401 4
156.402 6
156.402 4
156.403 6
156.403 4
156.404 6
156.404 4
156.405 6
156.405 4
156.406 6
156.406 4
156.407 6
156.407 4
156.408 6
156.408 4
156.409 6
156.409 4
156.41 6
156.41 4
156.411 6
156.411 4
156.412 6
156.412 4
156.413 6
156.413 4
156.414 6
156.414 4
156.415 6
156.415 4
156.416 6
156.416 4
156.417 6
156.417 4
156.418 6
156.418 4
156.419 6
156.419 4
156.42 6
156.42 4
156.421 6
156.421 4
156.422 6
156.422 4
156.422 6
156.422 4
156.423 6
156.423 4
156.424 6
156.424 4
156.425 6
156.425 4
156.426 6
156.426 4
156.427 6
156.427 4
156.428 6
156.428 4
156.429 6
156.429 4
156.43 6
156.43 4
156.431 6
156.431 4
156.471 6
156.471 4
156.472 6
156.472 4
156.512 6
156.512 4
156.513 6
156.513 4
156.553 6
156.553 4
156.554 6
156.554 4
156.594 6
156.594 4
156.595 6
156.595 4
156.635 249
156.635 177.793
156.8 175.606
156.841 177.606
156.886 179.606
156.887 181.573
156.899 179.573
157.188 181.573
157.229 179.573
157.42 179.235
157.519 181.235
157.56 179.235
157.575 178.886
157.849 180.886
157.891 178.886
157.971 178.825
158.084 178.707
158.18 180.707
158.199 180.497
158.221 178.497
158.511 180.497
158.552 178.497
158.754 178.357
158.841 180.357
158.883 178.357
159.142 178.271
159.172 180.271
159.213 178.271
159.476 178.152
159.503 180.152
159.544 178.152
159.834 180.152
159.875 178.152
159.963 178.115
160.164 180.115
160.206 178.115
160.239 178.008
160.495 180.008
160.536 178.008
160.826 180.008
160.867 178.008
160.883 177.943
161.156 179.943
161.198 177.943
161.33 177.881
161.487 179.881
161.528 177.881
161.818 179.881
161.859 177.881
161.939 177.85
162.148 179.85
162.19 177.85
162.244 177.793
162.479 179.793
162.52 177.793
162.81 179.793
162.851 177.793
163.14 179.793
163.182 177.793
163.471 179.793
163.512 177.793
163.802 179.793
163.843 177.793
164.132 179.793
164.174 177.793
164.463 179.793
164.504 177.793
164.794 179.793
164.835 177.793
165.124 179.793
165.166 177.793
165.455 179.793
165.496 177.793
165.786 179.793
165.827 177.793
166.116 179.793
166.158 177.793
166.447 179.793
166.488 177.793
166.778 179.793
166.819 177.793
166.884 4
166.885 6
166.885 4
166.885 6
166.885 4
166.886 6
166.886 4
166.887 6
166.887 4
166.888 6
166.888 4
166.889 6
166.889 4
166.89 6
166.89 4
166.891 6
166.891 4
166.892 6
166.892 4
166.893 6
166.893 4
166.894 6
166.894 4
166.895 6
166.895 4
166.896 6
166.896 4
166.897 6
166.897 4
166.898 6
166.898 4
166.899 6
166.899 4
166.9 6
166.9 4
166.901 6
166.901 4
166.902 6
166.902 4
166.903 6
166.903 4
166.904 6
166.904 4
166.905 6
166.905 4
166.906 6
166.906 4
166.907 6
166.907 4
166.908 6
166.908 4
166.909 6
166.909 4
166.909 6
166.909 4
166.91 6
166.91 4
166.911 6
166.911 4
166.912 6
166.912 4
166.913 6
166.913 4
166.914 6
166.914 4
166.915 6
166.915 4
166.916 6
166.916 4
166.917 6
166.917 4
166.918 6
166.918 4
166.919 6
166.919 4
166.92 6
166.92 4
166.921 6
166.921 4
166.922 6
166.922 4
166.923 6
166.923 4
166.924 6
166.924 4
166.925 6
166.925 4
166.926 6
166.926 4
166.927 6
166.927 4
166.928 6
166.928 4
166.929 6
166.929 4
166.93 6
166.93 4
166.931 6
166.931 4
166.932 6
166.932 4
166.933 6
166.933 4
166.934 6
166.934 4
166.934 6
166.934 4
166.935 6
166.935 4
166.936 6
166.936 4
166.937 6
166.937 4
166.938 6
166.938 4
166.939 6
166.939 4
166.94 6
166.94 4
166.941 6
166.941 4
166.942 6
166.942 4
166.943 6
166.943 4
166.944 6
166.944 4
166.945 6
166.945 4
166.946 6
166.946 4
166.947 6
166.947 4
166.948 6
166.948 4
166.949 6
166.949 4
166.95 6
166.95 4
166.951 6
166.951 4
166.952 6
166.952 4
166.953 6
166.953 4
166.954 6
166.954 4
166.955 6
166.955 4
166.956 6
166.956 4
166.957 6
166.957 4
166.958 6
166.958 4
166.997 6
166.997 4
166.999 6
166.999 4
167.038 6
167.038 4
167.04 6
167.04 4
167.079 6
167.079 4
167.081 6
167.081 4
167.12 6
167.12 4
167.122 6
167.122 4
167.161 249
167.161 177.793
167.326 177.606
167.369 179.606
167.37 181.573
167.382 179.573
167.671 181.573
167.713 179.573
167.905 179.16
168.002 181.16
168.043 179.16
168.12 178.886
168.333 180.886
168.374 178.886
168.456 178.825
168.57 178.652
168.663 180.652
168.705 178.652
168.869 178.497
168.994 180.497
169.035 178.497
169.179 178.449
169.304 178.357
169.325 180.357
169.366 178.357
169.632 178.271
169.655 180.271
169.697 178.271
169.904 178.23
169.986 180.23
170.027 178.23
170.112 178.152
170.317 180.152
170.358 178.152
170.456 178.078
170.647 180.078
170.689 178.078
170.808 178.043
170.978 180.043
171.019 177.975
171.309 179.975
171.35 177.975
171.463 177.943
171.639 179.943
171.681 177.943
171.766 177.911
171.84 177.85
171.97 179.85
172.011 177.85
172.301 179.85
172.342 177.85
172.521 177.821
172.631 179.821
172.673 177.821
172.832 177.793
172.962 179.793
173.003 177.793
173.293 179.793
173.334 177.793
173.623 179.793
173.665 177.793
173.954 179.793
173.996 177.793
174.285 179.793
174.326 177.793
174.616 179.793
174.657 177.793
174.946 179.793
174.988 177.793
175.277 179.793
175.318 177.793
175.608 179.793
175.649 177.793
175.938 179.793
175.98 177.793
176.269 179.793
176.31 177.793
176.6 179.793
176.641 177.793
176.93 179.793
176.972 177.793
177.261 179.793
177.302 177.793
177.368 4
177.369 6
177.369 4
177.37 6
177.37 4
177.371 6
177.371 4
177.372 6
177.372 4
177.372 6
177.372 4
177.373 6
177.373 4
177.374 6
177.374 4
177.375 6
177.375 4
177.376 6
177.376 4
177.377 6
177.377 4
177.378 6
177.378 4
177.379 6
177.379 4
177.38 6
177.38 4
177.381 6
177.381 4
177.382 6
177.382 4
177.383 6
177.383 4
177.384 6
177.384 4
177.385 6
177.385 4
177.386 6
177.386 4
177.387 6
177.387 4
177.388 6
177.388 4
177.389 6
177.389 4
177.39 6
177.39 4
177.391 6
177.391 4
177.392 6
177.392 4
177.393 6
177.393 4
177.394 6
177.394 4
177.395 6
177.395 4
177.396 6
177.396 4
177.397 6
177.397 4
177.397 6
177.397 4
177.398 6
177.398 4
177.399 6
177.399 4
177.4 6
177.4 4
177.401 6
177.401 4
177.402 6
177.402 4
177.403 6
177.403 4
177.404 6
177.404 4
177.405 6
177.405 4
177.406 6
177.406 4
177.407 6
177.407 4
177.408 6
177.408 4
177.409 6
177.409 4
177.41 6
177.41 4
177.411 6
177.411 4
177.412 6
177.412 4
177.413 6
177.413 4
177.414 6
177.414 4
177.415 6
177.415 4
177.416 6
177.416 4
177.417 6
177.417 4
177.418 6
177.418 4
177.419 6
177.419 4
177.42 6
177.42 4
177.421 6
177.421 4
177.422 6
177.422 4
177.422 6
177.422 4
177.423 6
177.423 4
177.424 6
177.424 4
177.425 6
177.425 4
177.426 6
177.426 4
177.427 6
177.427 4
177.428 6
177.428 4
177.429 6
177.429 4
177.43 6
177.43 4
177.431 6
177.431 4
177.432 6
177.432 4
177.433 6
177.433 4
177.434 6
177.434 4
177.435 6
177.435 4
177.436 6
177.436 4
177.437 6
177.437 4
177.438 6
177.438 4
177.439 6
177.439 4
177.44 6
177.44 4
177.441 6
177.441 4
177.442 6
177.442 4
177.481 6
177.481 4
177.483 6
177.483 4
177.522 6
177.522 4
177.524 6
177.524 4
177.563 6
177.563 4
177.565 6
177.565 4
177.604 6
177.604 4
177.606 6
177.606 4
177.645 249
177.645 177.793
177.81 177.606
177.854 179.606
177.854 181.573
177.866 179.573
178.155 181.573
178.197 179.573
178.389 179.16
178.486 181.16
178.527 179.16
178.604 178.886
178.817 180.886
178.858 178.886
178.94 178.825
179.054 178.652
179.147 180.652
179.189 178.652
179.353 178.497
179.478 180.497
179.519 178.497
179.664 178.449
179.789 178.357
179.809 180.357
179.85 178.357
180.116 178.271
180.139 180.271
180.181 178.271
180.388 178.23
180.47 180.23
180.511 178.23
180.596 178.152
180.801 180.152
180.842 178.152
180.94 178.078
181.131 180.078
181.173 178.078
181.292 178.043
181.462 180.043
181.504 177.975
181.793 179.975
181.834 177.975
181.948 177.943
182.124 179.943
182.165 177.943
182.25 177.911
182.324 177.85
182.454 179.85
182.496 177.85
182.785 179.85
182.826 177.85
183.005 177.821
183.116 179.821
183.157 177.821
183.316 177.793
183.446 179.793
183.488 177.793
183.777 179.793
183.818 177.793
184.108 179.793
184.149 177.793
184.438 179.793
184.48 177.793
184.769 179.793
184.81 177.793
185.1 179.793
185.141 177.793
185.43 179.793
185.472 177.793
185.761 179.793
185.802 177.793
186.092 179.793
186.133 177.793
186.422 179.793
186.464 177.793
186.753 179.793
186.794 177.793
187.084 179.793
187.125 177.793
187.414 179.793
187.456 177.793
187.745 179.793
187.786 177.793
187.853 4
187.854 6
187.854 4
187.855 6
187.855 4
187.856 6
187.856 4
187.857 6
187.857 4
187.858 6
187.858 4
187.859 6
187.859 4
187.859 6
187.859 4
187.86 6
187.86 4
187.861 6
187.861 4
187.862 6
187.862 4
187.863 6
187.863 4
187.864 6
187.864 4
187.865 6
187.865 4
187.866 6
187.866 4
187.867 6
187.867 4
187.868 6
187.868 4
187.869 6
187.869 4
187.87 6
187.87 4
187.871 6
187.871 4
187.872 6
187.872 4
187.873 6
187.873 4
187.874 6
187.874 4
187.875 6
187.875 4
187.876 6
187.876 4
187.877 6
187.877 4
187.878 6
187.878 4
187.879 6
187.879 4
187.88 6
187.88 4
187.881 6
187.881 4
187.882 6
187.882 4
187.883 6
187.883 4
187.884 6
187.884 4
187.884 6
187.884 4
187.885 6
187.885 4
187.886 6
187.886 4
187.887 6
187.887 4
187.888 6
187.888 4
187.889 6
187.889 4
187.89 6
187.89 4
187.891 6
187.891 4
187.892 6
187.892 4
187.893 6
187.893 4
187.894 6
187.894 4
187.895 6
187.895 4
187.896 6
187.896 4
187.897 6
187.897 4
187.898 6
187.898 4
187.899 6
187.899 4
187.9 6
187.9 4
187.901 6
187.901 4
187.902 6
187.902 4
187.903 6
187.903 4
187.904 6
187.904 4
187.905 6
187.905 4
187.906 6
187.906 4
187.907 6
187.907 4
187.908 6
187.908 4
187.909 6
187.909 4
187.909 6
187.909 4
187.91 6
187.91 4
187.911 6
187.911 4
187.912 6
187.912 4
187.913 6
187.913 4
187.914 6
187.914 4
187.915 6
187.915 4
187.916 6
187.916 4
187.917 6
187.917 4
187.918 6
187.918 4
187.919 6
187.919 4
187.92 6
187.92 4
187.921 6
187.921 4
187.922 6
187.922 4
187.923 6
187.923 4
187.924 6
187.924 4
187.925 6
187.925 4
187.926 6
187.926 4
187.927 6
187.927 4
187.966 6
187.966 4
187.968 6
187.968 4
188.007 6
188.007 4
188.009 6
188.009 4
188.048 6
188.048 4
188.05 6
188.05 4
188.089 6
188.089 4
188.091 6
188.091 4
188.13 249
188.13 177.793
188.254 179.793
188.295 177.606
188.298 179.606
188.299 181.573
188.308 179.573
188.597 181.573
188.639 179.573
188.835 179.16
188.928 181.16
188.969 179.16
189.051 178.886
189.259 180.886
189.3 178.886
189.385 178.825
189.442 178.652
189.589 180.652
189.631 178.652
189.797 178.497
189.92 180.497
189.961 178.497
190.168 178.357
190.251 180.357
190.292 178.357
190.557 178.271
190.581 180.271
190.623 178.271
190.894 178.115
190.912 180.115
190.953 178.115
191.243 180.115
191.284 178.115
191.573 180.115
191.586 180.043
191.615 178.043
191.904 180.043
191.945 178.043
192.018 177.975
192.235 179.975
192.276 177.975
192.38 177.911
192.565 179.911
192.607 177.911
192.896 179.911
192.937 177.911
192.976 177.881
193.227 179.881
193.268 177.881
193.276 177.793
193.557 179.793
193.599 177.793
193.888 179.793
193.929 177.793
194.219 179.793
194.26 177.793
194.549 179.793
194.591 177.793
194.88 179.793
194.921 177.793
195.211 179.793
195.252 177.793
195.541 179.793
195.583 177.793
195.872 179.793
195.914 177.793
196.203 179.793
196.244 177.793
196.534 179.793
196.575 177.793
196.864 179.793
196.906 177.793
197.195 179.793
197.236 177.793
197.526 179.793
197.567 177.793
197.856 179.793
197.898 177.793
198.187 179.793
198.228 177.793
198.296 4
198.297 6
198.297 4
198.297 6
198.297 4
198.298 6
198.298 4
198.299 6
198.299 4
198.3 6
198.3 4
198.301 6
198.301 4
198.302 6
198.302 4
198.303 6
198.303 4
198.304 6
198.304 4
198.305 6
198.305 4
198.306 6
198.306 4
198.307 6
198.307 4
198.308 6
198.308 4
198.309 6
198.309 4
198.31 6
198.31 4
198.311 6
198.311 4
198.312 6
198.312 4
198.313 6
198.313 4
198.314 6
198.314 4
198.315 6
198.315 4
198.316 6
198.316 4
198.317 6
198.317 4
198.318 6
198.318 4
198.319 6
198.319 4
198.32 6
198.32 4
198.321 6
198.321 4
198.322 6
198.322 4
198.322 6
198.322 4
198.323 6
198.323 4
198.324 6
198.324 4
198.325 6
198.325 4
198.326 6
198.326 4
198.327 6
198.327 4
198.328 6
198.328 4
198.329 6
198.329 4
198.33 6
198.33 4
198.331 6
198.331 4
198.332 6
198.332 4
198.333 6
198.333 4
198.334 6
198.334 4
198.335 6
198.335 4
198.336 6
198.336 4
198.337 6
198.337 4
198.338 6
198.338 4
198.339 6
198.339 4
198.34 6
198.34 4
198.341 6
198.341 4
198.342 6
198.342 4
198.343 6
198.343 4
198.344 6
198.344 4
198.345 6
198.345 4
198.346 6
198.346 4
198.347 6
198.347 4
198.347 6
198.347 4
198.348 6
198.348 4
198.349 6
198.349 4
198.35 6
198.35 4
198.351 6
198.351 4
198.352 6
198.352 4
198.353 6
198.353 4
198.354 6
198.354 4
198.355 6
198.355 4
198.356 6
198.356 4
198.357 6
198.357 4
198.358 6
198.358 4
198.359 6
198.359 4
198.36 6
198.36 4
198.361 6
198.361 4
198.362 6
198.362 4
198.363 6
198.363 4
198.364 6
198.364 4
198.365 6
198.365 4
198.366 6
198.366 4
198.367 6
198.367 4
198.368 6
198.368 4
198.369 6
198.369 4
198.37 6
198.37 4
198.409 6
198.409 4
198.411 6
198.411 4
198.45 6
198.45 4
198.452 6
198.452 4
198.491 6
198.491 4
198.493 6
198.493 4
198.532 6
198.532 4
198.534 6
198.534 4
198.573 249
198.573 177.793
198.738 177.606
198.781 179.606
198.782 181.573
198.794 179.573
199.083 181.573
199.125 179.573
199.317 179.16
199.414 181.16
199.455 179.16
199.532 178.886
199.745 180.886
199.786 178.886
199.868 178.825
199.982 178.652
